9.368607451737086256e-02 1.196736473186451044e-01 1.284512710896668630e-01 1.317956282874260809e-01 1.074720333918831872e-01 6.342240331070174431e-02 1.105551095903149483e-01 7.785177547094489225e-02 6.615820945831389632e-02 1.009338475647324068e-01
1.004930580109453103e-01 9.953735649641555494e-02 9.794510156939892354e-02 1.001304731752803712e-01 1.000095474826161041e-01 1.013718514969658285e-01 1.005449519497621375e-01 9.945224504500320417e-02 1.002234618541590488e-01 1.002919529194535031e-01
1.003823944452039291e-01 1.009771208798973252e-01 9.848462668273133547e-02 9.929677176620262113e-02 1.008511962055519268e-01 1.006656409329976243e-01 1.020338118065372834e-01 9.980632588290891394e-02 9.970163725257659426e-02 9.780047414539244643e-02
1.360360598487232731e-01 7.857996875697080552e-02 9.525368715532622765e-02 1.062531965991131977e-01 8.258027713326736297e-02 1.055581030980995011e-01 1.027340991733895620e-01 7.088445910291815699e-02 1.095833923135670490e-01 1.125367568186248779e-01
1.393687023935093194e-01 9.734233069641193281e-02 8.232006558851029387e-02 9.808516217036139517e-02 3.366105310459420463e-02 1.032639067246474418e-01 1.439082831374206006e-01 8.372274862417405927e-02 9.390435475551854594e-02 1.244233928048522342e-01
1.067610625965319388e-01 1.007311430271133762e-01 9.444003812209371407e-02 1.041599948138549336e-01 7.606750778447260442e-02 6.479412384345262232e-02 9.972727388416907646e-02 8.417279795019939892e-02 1.030107511712305135e-01 1.661353068068818217e-01
7.447510316608371705e-02 9.439214804112421031e-02 8.174560938638572583e-02 1.301899906747026603e-01 1.313121139530920300e-01 5.261954617034603210e-02 1.649445962166871116e-01 6.282065436005837555e-02 1.060224810084090252e-01 1.014777570231110843e-01
1.219477629518906092e-01 8.922625645659446048e-02 1.044602056303300525e-01 8.671871593522789690e-02 1.342539022606264731e-01 1.123618066316220410e-01 1.042868572895052637e-01 8.866445761770820611e-02 6.136032486125438112e-02 9.671971036524060206e-02
4.908817047512441245e-02 1.182760454393779470e-01 1.026065067871829994e-01 9.229846809031493071e-02 1.445048622915415526e-01 9.784096576724757299e-02 1.379038186880000294e-01 6.669070658876978530e-02 7.935576419514726865e-02 1.114346916772935014e-01
9.115164747014195545e-02 6.480671844303990958e-02 7.178135893252018951e-02 1.269647920431149768e-01 5.706724072591791430e-02 9.289788279301953999e-02 1.232762385564841606e-01 1.485272974467020668e-01 1.123936864486228954e-01 1.111331371404363916e-01
1.342174845810668593e-01 3.070449797365996658e-01 7.626052480182279880e-02 7.149076438912371767e-02 8.946205213702623782e-02 7.228577598767225998e-02 3.876769304449748099e-02 1.101182777951626723e-01 2.190927800148209995e-02 7.844316952554618305e-02
1.045286151707369854e-01 8.856359388639836738e-02 9.265139475277786585e-02 9.678511590543201204e-02 1.028537803479717405e-01 1.019850667660633509e-01 9.585026925304152012e-02 1.017373722996137153e-01 1.012217178643026183e-01 1.138230737536618520e-01
9.670087811192526472e-02 9.656156109950965460e-02 1.144424510032020087e-01 9.543910006188177642e-02 9.191759804900458131e-02 1.060100513014252677e-01 1.015830311029534694e-01 9.246681763982594893e-02 1.038682700668214776e-01 1.010102415634505368e-01
1.548974620116148337e-01 2.470452154344387474e-01 4.244489445830308683e-02 1.017276971076310904e-01 1.170053797473454560e-01 1.055938963375770839e-01 2.190793283817442372e-02 1.120081007444379967e-01 4.761535798416186016e-02 4.975406333631543498e-02
1.876864655857678754e-01 1.899471480525734834e-01 5.782579607553813006e-02 1.302091184160844850e-01 6.356941651127546999e-02 9.264227629389558405e-02 1.247979541433651557e-01 4.871839106684282272e-02 3.736615621068230947e-02 6.723727764397466333e-02
8.930177862263474764e-02 2.532737585064029906e-01 1.423653820586789354e-01 5.516468807983412881e-02 4.572553353569900475e-02 8.825765649949754432e-02 4.654760527267741421e-02 1.713320742699337706e-01 6.544464245869241470e-02 4.258688069594900732e-02
1.384011626124466710e-01 2.959690986816837510e-01 8.256400202780016240e-02 4.960725418861669511e-02 4.045909322305536043e-02 1.149750645179090786e-01 3.971476551999623267e-02 1.003085845801559017e-01 1.063461163647155677e-01 3.165485828362058635e-02
1.912385061556291233e-01 3.701321383861386760e-01 4.734158896329201949e-02 6.463650063067223617e-02 9.060433854313833246e-02 3.320941915547403339e-02 2.941536860529925246e-02 4.784657734368007870e-02 3.604498268349796281e-02 8.953057953317826445e-02
8.615058874932512989e-02 1.669126379165088991e-01 7.419974707893782495e-02 1.818359800037271934e-01 8.083278290675650901e-02 9.431472969693301123e-02 4.551097818043586818e-02 1.350873393777562437e-01 6.555446600075531816e-02 6.960075008886398851e-02
6.446606020113666846e-02 2.590601593112814571e-01 6.004530113689447030e-02 5.472356492013059209e-02 1.011881669372840242e-01 1.574171801338715981e-01 7.789497118500740558e-02 6.343852774680458495e-02 4.219671532515677226e-02 1.195693531024324130e-01
1.712366170190369463e-01 3.508157217070546063e-01 6.635118769125024352e-02 5.654158984188650122e-02 4.766811525457019527e-02 3.663920987250622596e-02 9.657498337349429418e-02 8.984878763197140517e-02 2.985190348602912921e-02 5.447188412220044934e-02
1.030388716863837179e-01 7.844512935980522961e-02 1.044484351215944073e-01 1.035374464263512234e-01 1.048666860985881660e-01 1.047063984627300687e-01 9.656183861265342505e-02 9.708394499412202616e-02 1.113402514631095797e-01 9.597099777466218395e-02
1.126272672339979075e-01 9.259050870514357046e-02 9.325238518937348231e-02 9.992335501226527750e-02 1.038330723318622306e-01 1.050964397744619250e-01 9.824375240454537306e-02 8.928517025937232621e-02 1.100276994477073361e-01 9.512034964127058512e-02
1.809167772380490258e-01 2.547006351082752307e-01 7.641564475110165788e-02 8.305669091878295496e-02 5.046567641922047182e-02 1.922219586342166497e-02 1.009855326171243267e-01 1.494718987448599989e-01 3.700811315125927120e-02 4.775683518790541093e-02
1.959136679881731957e-01 2.843908777068636651e-01 1.142236164792198999e-01 5.316628863406654137e-02 3.916421359593576235e-02 2.672820582620189650e-02 6.069350710359940754e-02 1.317981358781885048e-01 5.075060302260187006e-02 4.317088376514931214e-02
1.333774898983334511e-01 3.044680560371067490e-01 9.803342362856116987e-02 4.565414872447779576e-02 6.452383426144833733e-02 2.112326989262008209e-02 1.230767768032032805e-01 1.175112731882311523e-01 5.734030275615230321e-02 3.489142480986566486e-02
1.563911404483049883e-01 2.735271788153299521e-01 9.333307486325158331e-02 8.172307584517934931e-02 3.713676124910482435e-02 3.091367024421151286e-02 6.886008929622922103e-02 1.584497676215194661e-01 6.139409950392201581e-02 3.827114211294710411e-02
1.485511128012098614e-01 2.853068987968258585e-01 8.272508758645684412e-02 3.852564417999978369e-02 5.804062965718850831e-02 4.170372176602279296e-02 9.154943729426398558e-02 1.556869884685639638e-01 6.193815855081747507e-02 3.597232089865091964e-02
1.719355994054488079e-01 2.826758586428475550e-01 8.680692301017302326e-02 1.198137584392082594e-01 3.897306225634800808e-02 1.511149600856633371e-02 6.567625311452465753e-02 1.241096977777063626e-01 6.929365147058938468e-02 2.560369987458757310e-02
1.403905542521358962e-01 2.592655360959523203e-01 9.218885977914509366e-02 4.141410355812060601e-02 3.026319645033614947e-02 1.873858012582634361e-02 1.399682266838768452e-01 1.410674375384634305e-01 7.011134740281270428e-02 6.659215811333060731e-02
1.972908919394034954e-01 2.552602973903595474e-01 5.637695622068615575e-02 4.890548763834656754e-02 7.388853985445256733e-02 2.978586624302400135e-02 8.081980247260957262e-02 1.408737254836459618e-01 4.337357208234982053e-02 7.342486067512231374e-02
9.378829152494505550e-02 1.136779802240840687e-01 9.661462239072650393e-02 1.017743146332033416e-01 1.158010429902422977e-01 8.894992261377371312e-02 9.863990326771686357e-02 1.139918281442007103e-01 8.638683561339947914e-02 9.037525859770799419e-02
9.595985089216003960e-02 1.102529602823666688e-01 7.653495502916236870e-02 9.382877951554109697e-02 1.071096358659077985e-01 1.036849114962188623e-01 9.492884953640860768e-02 1.043263772513752657e-01 1.038483043208769524e-01 1.095253758099823393e-01
1.971627983903971038e-01 2.058018137342828013e-01 5.307223813602914009e-02 7.965205018121251923e-02 5.513891083846188257e-02 2.538287472321745092e-02 1.114618343898057529e-01 1.784313822186512355e-01 3.234875360133860484e-02 6.154734378660350891e-02
2.348942335409293092e-01 2.139439286888568936e-01 3.972819901468732651e-02 5.919639013527708965e-02 5.294244404234769302e-02 4.468658637334702727e-02 9.181659363755789727e-02 1.833597905814063345e-01 2.848465985714241158e-02 5.094717412844800702e-02
1.560946659941761516e-01 2.344935095041921491e-01 8.115679054494519262e-02 6.461539835269514143e-02 6.731286070260844578e-02 4.477457812886014715e-02 1.012182728340510207e-01 1.409935562859213065e-01 5.624710943951118786e-02 5.309325821303929188e-02
1.634520240116395517e-01 1.772312410570612007e-01 1.029663660615164483e-01 9.088550746377756229e-02 3.244347423644990819e-02 1.517420272155998832e-02 1.014972768863503377e-01 1.778521823913934985e-01 3.149691028761564954e-02 1.070008148826358391e-01
1.986878883840748344e-01 2.297385596279975239e-01 8.278237153945718074e-02 4.067913500982495156e-02 3.845579620497738271e-02 3.362019564853621634e-02 7.951070092708571735e-02 1.606259138303557377e-01 4.773075656165515213e-02 8.816868226603530312e-02
1.727463628488812575e-01 2.126346573277819452e-01 1.244678509612386075e-01 6.956511731543180144e-02 3.192669605465505572e-02 1.322756404086300984e-02 1.020857990242957924e-01 1.463132381996117282e-01 8.549232177238405561e-02 4.154039245485675880e-02
1.508898960964589753e-01 2.230691344775378726e-01 9.638205494492450842e-02 2.249985116182135966e-02 4.400673485784212940e-02 5.369200265697249980e-02 1.353649984911430570e-01 1.432752935954877405e-01 6.335494843284251998e-02 6.746508528496932000e-02
1.360709451987939522e-01 1.341719431770510007e-01 5.401046939293055460e-02 4.564380385980942867e-02 1.445666457951846895e-01 6.729056528821322769e-02 1.206741815702049025e-01 1.184784122086775665e-01 5.291936895675732749e-02 1.261736645523773293e-01
9.228279197858656191e-02 1.056488196857257034e-01 9.368602341731130378e-02 1.039902046118978129e-01 9.294137804602276010e-02 1.111750168213254952e-01 9.388809809371316539e-02 1.121330892394953038e-01 1.017173674397402333e-01 9.253721066618166013e-02
8.971059916372353671e-02 1.004590991272278772e-01 1.107957862712773550e-01 1.085453832491806297e-01 8.967400696537265736e-02 9.690482580958360848e-02 1.042144356139551586e-01 1.071230701888741116e-01 1.009375985973055001e-01 9.163519501349955132e-02
1.338921783646171704e-01 1.170874525246901748e-01 7.243346477259375582e-02 4.156615122057282646e-02 1.598512754987450601e-01 9.122441367924127853e-02 1.016346556611507079e-01 1.284657123285345148e-01 3.578973658319876266e-02 1.180549593666557900e-01
1.845128488646839704e-01 1.315863819246639588e-01 6.414412323187353160e-02 3.658037508161436635e-02 1.364569737693016316e-01 4.346897436624463235e-02 9.782901587092597551e-02 1.543373275666111710e-01 4.094757985799608174e-02 1.101363994660846807e-01
1.168350988839483018e-01 1.365499554681740557e-01 5.554846911699888590e-02 6.509620411543737273e-02 1.326000967221030724e-01 5.103311409460770109e-02 1.211672540600974568e-01 1.350485845782869732e-01 4.154611825073433601e-02 1.445751047096118236e-01
1.331023323221444954e-01 1.044765744012204761e-01 8.678166698058477346e-02 3.213935749726615221e-02 1.211506190872721489e-01 7.820398393661294467e-02 1.587197934327602700e-01 1.344533066815851163e-01 1.742714924407349694e-02 1.335452164164800948e-01
1.642616591770159062e-01 1.308283188238691941e-01 8.750854251279036045e-02 3.987904622194307636e-02 1.333145720283203939e-01 5.513727898812801481e-02 1.087935245845372267e-01 1.184335389478213679e-01 2.341317133656910590e-02 1.384303473790053918e-01
1.301447186743618645e-01 1.372755271789072307e-01 9.255530915412001070e-02 7.772476322825441764e-02 1.368963795510926007e-01 4.987702776002263250e-02 1.019231752644200045e-01 1.151931865773634794e-01 4.099761417556933157e-02 1.174122984358884209e-01
1.196923437929753309e-01 1.332937637930127484e-01 6.148182906167985046e-02 4.859566664585236728e-02 1.384614262298428655e-01 5.704133302280992718e-02 1.640121281559135669e-01 1.079794150781849260e-01 5.126884991991551010e-02 1.181732442998129212e-01
1.061260137196100017e-01 1.018003476030754917e-01 5.997407936060594746e-02 7.520635123878149919e-02 1.254993467423814735e-01 8.138338237696947364e-02 1.040434532275921753e-01 9.407562099683339230e-02 7.180853137431328359e-02 1.800828733598372755e-01
1.102388363662619303e-01 9.842599384828994158e-02 9.749325522257384913e-02 9.604032826819849933e-02 1.102478192949270519e-01 1.024660434829321176e-01 1.084675656504251878e-01 1.004098335979735773e-01 9.207380878903717591e-02 8.413651547938068298e-02
9.528986424455754278e-02 1.028099175740130877e-01 9.747397401202202716e-02 1.092004285349051224e-01 8.402809596864008190e-02 9.499258078891918700e-02 1.067323043338417460e-01 1.029847574048831094e-01 1.048584283998560268e-01 1.016296487383620550e-01
8.831215746596648986e-02 8.713444042125791100e-02 9.713374033096333626e-02 9.536271950813225706e-02 1.488118202784329547e-01 5.999461489942787412e-02 1.040872154924055298e-01 1.164884174960089391e-01 6.788917302853014757e-02 1.347857010788745535e-01
1.319265452885400036e-01 8.718869168925864888e-02 1.055558470062400445e-01 7.478913703846917782e-02 1.396542216902081357e-01 8.717036401323864647e-02 7.431928026613045246e-02 1.180720768558654182e-01 3.950139105662282130e-02 1.418224450954266580e-01
8.702163076919530726e-02 9.063049842820403157e-02 7.172169106974017605e-02 1.040162473464942977e-01 1.518119314918482676e-01 4.959666327371735350e-02 1.111461460961495340e-01 1.020912716149894317e-01 7.185084996553352255e-02 1.601130699441280780e-01
1.042644660619081870e-01 8.306071008397222788e-02 8.637519009391583791e-02 6.136220505652529439e-02 1.101319595914632687e-01 9.757616443938967044e-02 1.256123440278408276e-01 1.397179813250762626e-01 4.993898285561897132e-02 1.419599964642894452e-01
1.141171575672721983e-01 8.906679247209654815e-02 8.905337465314118461e-02 8.892584498071025301e-02 1.600386169340579368e-01 5.340143301915242086e-02 9.771420505368151599e-02 9.857601214531655498e-02 6.625220734181835880e-02 1.428543558327530216e-01
8.352004725971455545e-02 1.020347350373197459e-01 1.173517881977274163e-01 1.144921628052690543e-01 1.404557771202437078e-01 5.152323833103088224e-02 8.281652505130968067e-02 1.074048453555134230e-01 6.584558485183075738e-02 1.345552959900407630e-01
7.360629270939841873e-02 9.133210493450362455e-02 1.036193649290495095e-01 6.254502393772362612e-02 1.319705626985293312e-01 5.102859119573602276e-02 1.254021475964082755e-01 9.860429960341460243e-02 1.029382587208758776e-01 1.589533536743607256e-01
1.172086114538487545e-01 6.788956082118804969e-02 7.888470028706481840e-02 1.022488037599250249e-01 1.159479935739638201e-01 9.346612975977491855e-02 1.070514514650863780e-01 9.084445699095369808e-02 7.924811848101973033e-02 1.472101734071747936e-01
1.057773661283837319e-01 9.179527174210985740e-02 1.099180155206187365e-01 1.062880796870233069e-01 9.813303571300610595e-02 1.018886800388522917e-01 1.006028986334259884e-01 7.502503277190815389e-02 1.102703972014503625e-01 1.003012225632214510e-01
1.135687568352073684e-01 9.086457584797075215e-02 9.169511942501455681e-02 1.043920840057202398e-01 1.112070342418549490e-01 1.095645266892736336e-01 1.027967767298019197e-01 8.375149323588400307e-02 1.024108514433868383e-01 8.974878154588572521e-02
8.203128472849818831e-02 5.580043139236416649e-02 1.077107123993619325e-01 1.415352650833562598e-01 1.451559291417628683e-01 7.484277776458345133e-02 8.207703291019512182e-02 1.100328053475280871e-01 1.019276594835851618e-01 9.888610174876477643e-02
9.763550995971845281e-02 5.764346254472291903e-02 1.371048652557014802e-01 6.850126778109846826e-02 1.218766999127681161e-01 8.247486951431225177e-02 7.587344731368118878e-02 1.228008047325719332e-01 8.724010038524243615e-02 1.488489726001827607e-01
1.084291022150798284e-01 6.224312221114231686e-02 7.389179671775736313e-02 9.886084300949586623e-02 1.386284194443010709e-01 6.318543442207226468e-02 1.184353504650290101e-01 1.074963041090757909e-01 9.532826357015433683e-02 1.335013638358921451e-01
8.812576353670030505e-02 4.739828441003999387e-02 1.198818405064495801e-01 8.781796971891879522e-02 1.026731152097772881e-01 1.124634033807638267e-01 1.306754602945754129e-01 1.189581968728523620e-01 7.123715879456134215e-02 1.207688072753611008e-01
8.392042108428496294e-02 6.462000761034707164e-02 1.083798578884350022e-01 5.924169372330030658e-02 1.503870804198617905e-01 9.018033555576737692e-02 1.385940498039105739e-01 9.876264288564191862e-02 1.003301116671232035e-01 1.055837993613277931e-01
9.813242244512017376e-02 7.402366601878038188e-02 8.970659157004474971e-02 1.430340646712437713e-01 1.444036174690561114e-01 5.292219605418860273e-02 9.282006201719063265e-02 9.557807020682902721e-02 1.033326389445616139e-01 1.060466706029849215e-01
8.494863590605152004e-02 6.736574773555360773e-02 1.210969915435882449e-01 5.458939122480305217e-02 1.224712441990555567e-01 6.100627059851886080e-02 1.274454651815887518e-01 9.542501497927728671e-02 1.393527808077887065e-01 1.262984578237743849e-01
1.329215621710824469e-01 5.268961296637450498e-02 1.087890021389966572e-01 8.056720019476003303e-02 1.226823188860544228e-01 8.401880739636422013e-02 1.460510322232288216e-01 8.383072711973997559e-02 1.089498588758626707e-01 7.949987802753624710e-02
9.229391108331588822e-02 9.475856807954878558e-02 1.096857280390795275e-01 1.107611131965319795e-01 1.003319841288416864e-01 1.092725961075512731e-01 9.526710855767188402e-02 9.148613079606054965e-02 9.311371670034607195e-02 1.030291433110523680e-01
9.322546744228289717e-02 1.136160308604667463e-01 9.228907315114129317e-02 1.065548709812829536e-01 1.027294257706933972e-01 1.097042727128496459e-01 9.853022492235925800e-02 1.000170967168375891e-01 8.437702462817184279e-02 9.895651281391436294e-02
1.013707754564349417e-01 5.308230868885316367e-02 1.290496329962534661e-01 1.155709700513496696e-01 1.307221666971145613e-01 8.247834318293108258e-02 1.377084232734693825e-01 8.158440279478290647e-02 9.856170508424721977e-02 6.987127177456362026e-02
1.103672792131555752e-01 4.780137356212869199e-02 1.349059623108254391e-01 8.133458902026913240e-02 1.431377730179891894e-01 6.432153379388989844e-02 1.110154207761665651e-01 1.132186463200359761e-01 1.031191549255353335e-01 9.077826706000421964e-02
9.797101233878048598e-02 4.673999726469963562e-02 1.232235602072900976e-01 1.087140591745957008e-01 1.146497463095813296e-01 1.024296696709222076e-01 1.411932990942332544e-01 8.962160336019746321e-02 9.694556216515828884e-02 7.851149041454154320e-02
1.043878453304107889e-01 4.325287168775308888e-02 1.301926605781053570e-01 8.416679965171715294e-02 1.126024860621530760e-01 8.573786517963766229e-02 1.733437479874086473e-01 9.124791491976971813e-02 1.086155740865914487e-01 6.645223451645305979e-02
1.045357421431325901e-01 3.810213251499058179e-02 9.792964987227009699e-02 5.898807437714510826e-02 1.316840258978226597e-01 1.110831101143977540e-01 1.760384076661766495e-01 9.509204652407207692e-02 1.176612232685104315e-01 6.888558762148205838e-02
1.063807613128818913e-01 4.560852786694131328e-02 1.391445529438122275e-01 1.060456729961326006e-01 1.354100969773348317e-01 7.842799197952279866e-02 1.352649065414573137e-01 7.567671339521478413e-02 1.065298077698087070e-01 7.151096821689352512e-02
7.763594269022233707e-02 5.736861291557400488e-02 1.228342837753424593e-01 8.662957179459679358e-02 1.395860313988196155e-01 9.828560854962653526e-02 1.365134903584215575e-01 7.137874049118711484e-02 1.264940269681680551e-01 8.327369105804152682e-02
1.331186327254755830e-01 6.890239849369478309e-02 1.119901269738987071e-01 9.239593380178147408e-02 1.057038413312405140e-01 8.646990060670400879e-02 1.323340516244616571e-01 3.465915238710877422e-02 1.522990942699495032e-01 8.212686778568500934e-02
9.515810901031188096e-02 9.776904214451646868e-02 9.611310510204659763e-02 1.031340085618123320e-01 1.057869802654625713e-01 1.029196796538344311e-01 9.478337057800220733e-02 9.762421962882286697e-02 1.002427826201119782e-01 1.064687024350786798e-01
1.094996856240848387e-01 1.064513712572776466e-01 8.930569588616033005e-02 9.317165705641926310e-02 9.245125793404694592e-02 1.061897984760686725e-01 9.314088084300466142e-02 1.024678388780043831e-01 1.141127050053920983e-01 9.320910903954116034e-02
1.162891728992594131e-01 6.133464497906847279e-02 1.358116399590249268e-01 1.007787956066656110e-01 1.069432173706152678e-01 1.154311437650323013e-01 1.344847463960714140e-01 5.729294208490937068e-02 9.356867405289118200e-02 7.806502288646205434e-02
1.180232379202372228e-01 6.047544338060757002e-02 1.189503487033641005e-01 9.684643857451984139e-02 1.498921250833147034e-01 9.543743444890016858e-02 1.082395719015794150e-01 6.961347406704476715e-02 1.038906019564537764e-01 7.863132396397842783e-02
8.871840698516839097e-02 6.027970734602002695e-02 1.263939416760378465e-01 9.867774490077461935e-02 1.145103629111950405e-01 1.248078555027949260e-01 1.459206420338141907e-01 5.593703558415664273e-02 1.274537254284853205e-01 5.730057763155300965e-02
1.104288682282354300e-01 4.871217219975955415e-02 1.226334760966715509e-01 1.021695030681246535e-01 1.163870880128632934e-01 9.315531922963127265e-02 1.613037881267552209e-01 4.942033343289577163e-02 1.195397531617222175e-01 7.624969844334104907e-02
1.162677214957694577e-01 5.587613199741415376e-02 9.877294744515693892e-02 7.003958480024666255e-02 1.240236017264421398e-01 1.088500794716449060e-01 1.626092372203902792e-01 6.572783331212245228e-02 1.213828926943776448e-01 7.644996983643537192e-02
1.045603631626764590e-01 5.630153439208367833e-02 1.312899749267080474e-01 1.180471254322911778e-01 1.122735920230407136e-01 1.111785224471217859e-01 1.185438919406525543e-01 5.110420719223396357e-02 1.368987181669596986e-01 5.980207031623192143e-02
8.436057741787207631e-02 5.044930740288139370e-02 1.209870341286541223e-01 1.141142520691858370e-01 1.084078743469644446e-01 9.480816767971592118e-02 1.343339405407862341e-01 5.862211977150287578e-02 1.547425462217283665e-01 7.917418042070872852e-02
1.091999313085660339e-01 8.179718939614835649e-02 1.040677802509735322e-01 1.201567018878672150e-01 1.067293165463355786e-01 1.337308093085260996e-01 1.086295638243124362e-01 3.341883461752512274e-02 1.214236099292654858e-01 8.084626293048013945e-02
9.364406693573669449e-02 9.521300034711470406e-02 1.008197521110335698e-01 9.748631857253013677e-02 1.052601799995047660e-01 9.463732813765052265e-02 1.017909793286222303e-01 9.283953938505472292e-02 1.079969203012610540e-01 1.103119148814916128e-01
9.167031276844139764e-02 1.173520824549257324e-01 8.877876576067766923e-02 9.657986591031950119e-02 1.070988038318855112e-01 1.130982856522245450e-01 9.803138245858508681e-02 9.131235250387580160e-02 9.480165360599951407e-02 1.012764950530652269e-01
9.249823390641351284e-02 6.997762051657638316e-02 1.525324661210814003e-01 1.320054343687545595e-01 1.103529767407269019e-01 1.215558910373376461e-01 9.777223226607403839e-02 4.368404138069317127e-02 1.189640363165210407e-01 6.065706734582133886e-02
1.013444164937501862e-01 5.327653818510075939e-02 1.592672995371011702e-01 1.367454992790243240e-01 7.757882331414743537e-02 1.436584562317638480e-01 7.919023548706403959e-02 7.448233754333297152e-02 1.174358939447674305e-01 5.702049998394782826e-02
7.919456601003568852e-02 5.966010182887825780e-02 1.455641376348085492e-01 1.125277839187192874e-01 1.150493984093475530e-01 1.085127101826978968e-01 1.328218549323902375e-01 4.303485963394778485e-02 1.415950245385799722e-01 6.203956291059477268e-02
9.467296567332417201e-02 5.422082042933010909e-02 1.521337870389145031e-01 1.331030920489859048e-01 8.140146056584134093e-02 1.367041780510595828e-01 1.224597171655770894e-01 5.267350319097135330e-02 1.245613416733359763e-01 4.806913416265995442e-02
9.234258132948931774e-02 8.202012429246995084e-02 1.151115172029741757e-01 8.985871864336741899e-02 1.050987494140562251e-01 1.146318742003810259e-01 1.200892151398278151e-01 5.832566711615309180e-02 1.479982354346316697e-01 7.452331722664932989e-02
9.537422414644228241e-02 6.244591147235654949e-02 1.553434642712532565e-01 1.426687295958428969e-01 1.042285101497689298e-01 1.033925464110292819e-01 8.840733322596547317e-02 4.512551548168183824e-02 1.482416196480166592e-01 5.477214559764282537e-02
8.510686324621390131e-02 5.818785370073055463e-02 1.355846479934395277e-01 1.219472724035007005e-01 9.937751209336308233e-02 1.063759775417575659e-01 1.167981658639148795e-01 4.672435313354973002e-02 1.570199138532011596e-01 7.287744017032890542e-02
8.528982478363636432e-02 8.345439856120237532e-02 1.169121623684635514e-01 1.071611702817887729e-01 8.255025172695096281e-02 1.156642963605147012e-01 8.230196471188799823e-02 6.125262328386204408e-02 1.537606769671437390e-01 1.116526309545494700e-01
1.021668303342279233e-01 9.392926832718238861e-02 9.073633215737261781e-02 1.075260357455820881e-01 1.012154589386969339e-01 9.537578805657473402e-02 1.095341184150333269e-01 9.635292499870383442e-02 9.642649420165520791e-02 1.067367488249709451e-01
9.886212320923976060e-02 9.648123212183520869e-02 9.519243626421683424e-02 1.144178527601598661e-01 9.307898247323981300e-02 9.590733702961591611e-02 1.076207141787063615e-01 1.019241149441322131e-01 1.031603122774422676e-01 9.335489474141175914e-02
6.788687949426185086e-02 5.007219248428187997e-02 1.670099222172120867e-01 1.404141886750386869e-01 8.466283391670582914e-02 1.186649630632227448e-01 9.578034044024073823e-02 8.500451813169518367e-02 1.214398423071831878e-01 6.906431927015782568e-02
8.388027680917302387e-02 4.983953928469648381e-02 1.793797271152312578e-01 1.739321825167591540e-01 5.360753879136870986e-02 1.363376650039470062e-01 7.644344919213061362e-02 5.135761014962750282e-02 9.452538969232077148e-02 1.006966214447454905e-01
7.390925531920089497e-02 6.741189166955263712e-02 1.500331453135531901e-01 1.366011341701637571e-01 1.064025639912473675e-01 1.028116746102409190e-01 1.061279821378682819e-01 3.672624667938216569e-02 1.470110032304838277e-01 7.296510287830694497e-02
8.479884897283621048e-02 6.113157172335563494e-02 1.528073858779661343e-01 1.156603362472600205e-01 7.008605169039183735e-02 1.470885792708837569e-01 1.113139191871160422e-01 7.264035823679955428e-02 1.105171259782746912e-01 7.395582281511611789e-02
1.038274969031212913e-01 6.937668506548849701e-02 1.213415396183788464e-01 1.151934057044790849e-01 1.061417627380556172e-01 1.549025212221783465e-01 8.079439006918749666e-02 5.263602502258488830e-02 1.227110257765997442e-01 7.307514787992619443e-02
1.085146736658347821e-01 5.984360000627433895e-02 1.563096140089858810e-01 1.172873231632495933e-01 8.540483571356499715e-02 1.175268309006797240e-01 8.599347326465116292e-02 7.217760277293287785e-02 1.323131168304021721e-01 6.462892967342445671e-02
6.652404040530557339e-02 7.378134261934646276e-02 1.510031240050643264e-01 1.358858723052362161e-01 9.559377047045650166e-02 1.150867762607714895e-01 1.054851649732707758e-01 5.784565007124423119e-02 1.241997228361109151e-01 7.459453605319352198e-02
8.304773040768011205e-02 6.987503386827102758e-02 1.252597122944733576e-01 1.194295568423511672e-01 1.093151382270595579e-01 1.025979870875177447e-01 9.151517207240167373e-02 8.387075609241484431e-02 1.281398001299846046e-01 8.694911297784592430e-02
1.075634121519491726e-01 9.947771492771388668e-02 1.045478114931936153e-01 9.905112963940246318e-02 9.895731357933139349e-02 9.767729534784054535e-02 1.020063795693795655e-01 8.685624593728244469e-02 9.974963248055465637e-02 1.041130648733522845e-01
1.020637573343492754e-01 1.031022849792157664e-01 9.536782736873219979e-02 1.015110918593046807e-01 9.439914348164282765e-02 9.527600512186748527e-02 1.026311470416341604e-01 8.898624043137498552e-02 1.037698612900526951e-01 1.128926410918259515e-01
1.237277753870830166e-01 8.774287764296710701e-02 1.216515071699890427e-01 1.367137270014653072e-01 9.584722750991538087e-02 1.037868050669375625e-01 6.473954046963890929e-02 6.289149550123175614e-02 1.108073038235573987e-01 9.209174042721453290e-02
9.748535277706735225e-02 5.381815317986075181e-02 1.508201879279328361e-01 1.232446158746750703e-01 7.034206534340090022e-02 1.329797062741583658e-01 9.146359063795175826e-02 5.055544967626282582e-02 1.318959657594650503e-01 9.739491254922510999e-02
8.278559801713482325e-02 5.774529775972615797e-02 1.438394811394121953e-01 1.521960291319597314e-01 6.929419016047513868e-02 9.344283354743672387e-02 9.620968632722674829e-02 5.987368816777822317e-02 1.617988597861535205e-01 8.281433596269674458e-02
8.791939056548983555e-02 4.594105513266647650e-02 1.528143113512021312e-01 9.667162872442398858e-02 8.171631651354209491e-02 1.500705410264498996e-01 9.472746857087044337e-02 9.017145341715861184e-02 1.258301318147881098e-01 7.413770288340840176e-02
7.218864339254273121e-02 4.835761310887207870e-02 9.589282737640889009e-02 1.085368215278844084e-01 1.755158512710675578e-01 1.385969067620047845e-01 8.917772812232784008e-02 4.284136092983251154e-02 1.197278536951958683e-01 1.091643938138633224e-01
7.920514923325101819e-02 5.165409004120558728e-02 1.463174611149537507e-01 9.608115849580009526e-02 1.147981245105819254e-01 1.478694521758964486e-01 7.567160808049017140e-02 7.162257245459822952e-02 1.261211116137931076e-01 9.065927227942964517e-02
4.963055869154067018e-02 6.916466005796290117e-02 1.517489978446135424e-01 9.984889858340799396e-02 8.613113290107880793e-02 1.298387307066803387e-01 1.399925215125111255e-01 7.587463920435000286e-02 1.084983463850606872e-01 8.927151411279393711e-02
9.399373727865645289e-02 6.919709455125371000e-02 1.401864720695729094e-01 1.191606509848310153e-01 6.904533024371481420e-02 1.065580183456608793e-01 1.033516262090170279e-01 9.083474286775169992e-02 1.304784402833285284e-01 7.719388716621294888e-02
1.118714273814787746e-01 9.597017326694619321e-02 8.351499715719071237e-02 1.091396032516877695e-01 1.004640420530285572e-01 9.295482825853512709e-02 1.013832204956271466e-01 1.052172407830410383e-01 1.018284854872314599e-01 9.765598186523322122e-02
8.903909477854592136e-02 9.355573799580230165e-02 1.071416654165682908e-01 1.109912283669275551e-01 1.035227876194928787e-01 1.039651484303945744e-01 1.022458829801727032e-01 1.111307930462759330e-01 8.392482474404734660e-02 9.448283662177248132e-02
1.243963108920395633e-01 7.875353562806343410e-02 1.132071849994834012e-01 1.478697289223511457e-01 1.001072364626491851e-01 1.136030698404999900e-01 6.042781954014418699e-02 6.890341750418720046e-02 1.060558426459563414e-01 8.667585356462553792e-02
9.988474027801100275e-02 7.488571796026463612e-02 1.120614727417594131e-01 1.314177850913101631e-01 9.300821682630008858e-02 1.148976852001319104e-01 6.107201749689973591e-02 7.141458331641863111e-02 1.455087846458104350e-01 9.584899644309398392e-02
7.096448805079341726e-02 8.035691073755812930e-02 1.531982975112493039e-01 1.360699693240643160e-01 7.965483775167686575e-02 9.112239058569801542e-02 8.818619691547173456e-02 7.273428866803657855e-02 1.427274004781380057e-01 8.498521997731364741e-02
8.097963599292387626e-02 4.533479108074611741e-02 1.497882504445798013e-01 1.261032579705575196e-01 9.560171118779398070e-02 1.166962375814998426e-01 9.438194773163074980e-02 1.025807200518314422e-01 1.179346505480246138e-01 7.059879741041208412e-02
8.556000148485838619e-02 5.511464740072032076e-02 9.534048427233367262e-02 1.101263351024275999e-01 9.884974065520381326e-02 1.564285070187541871e-01 6.795697682686016594e-02 8.812497441456249025e-02 1.466827815262234935e-01 9.581555129805588433e-02
8.531314030193160036e-02 4.868655059476233865e-02 1.154674800667867401e-01 1.396947067791063923e-01 1.089702588034339448e-01 1.206100908999034743e-01 7.463220678531476415e-02 8.900632937403994693e-02 1.095493937300745513e-01 1.080698426646462262e-01
7.532090285664796991e-02 6.747117012385421553e-02 1.339580101027697256e-01 9.735772532928442524e-02 9.528367263929106434e-02 1.192709175403263572e-01 1.056687301320134997e-01 6.523814404886410512e-02 1.307316560242197112e-01 1.096990712027289261e-01
1.048481703118459007e-01 9.537184318100767888e-02 1.327324920700905242e-01 1.113353294994483267e-01 6.879686864920307732e-02 1.133668904999173555e-01 1.035238194451971738e-01 6.149741876253460304e-02 8.739146509459122525e-02 1.211357024861641346e-01
9.552277811702675203e-02 1.106139756578095046e-01 1.094785877881012393e-01 9.905090740428858231e-02 9.936777030449020498e-02 9.034988502577913361e-02 1.008702584630763732e-01 9.883315464640031467e-02 1.085808021239893784e-01 8.733188046903850310e-02
7.883201979390556946e-02 9.305316944720518069e-02 1.138162557351080351e-01 8.933413616208635277e-02 1.037123284993859695e-01 9.719447881162016079e-02 1.159641723491435378e-01 1.011698463255010783e-01 1.039523261527595527e-01 1.029712667232845630e-01
9.024231702887773598e-02 1.274544566982878102e-01 8.546626237294728534e-02 1.236962634051466253e-01 9.129012533738624369e-02 1.269924282691956285e-01 6.840902361304482260e-02 7.772118781227131679e-02 1.059047678462439329e-01 1.028231676165985570e-01
9.187724733058685866e-02 9.326562483282999083e-02 1.041778801140781224e-01 1.646587881639936524e-01 7.818083165535449908e-02 9.597956898650106261e-02 5.035532218669618726e-02 8.727156955428874707e-02 1.306307577766736006e-01 1.036024093989972999e-01
7.432814339091446676e-02 8.134932878409924240e-02 1.032165558511738829e-01 1.684787607448956226e-01 4.430098974201906320e-02 1.099729041321804018e-01 8.075380747279879701e-02 1.319151644264490997e-01 1.175908251798964271e-01 8.809352027557300346e-02
8.435241370392337901e-02 6.350382645368009282e-02 1.011216342198657248e-01 1.221697016847912293e-01 8.417215920208966085e-02 1.207501465092278153e-01 8.009669987739148622e-02 1.403532032555925846e-01 8.250108326219873778e-02 1.209791318312393033e-01
9.889149332303824591e-02 9.617121299576301963e-02 8.816562428595460521e-02 1.272145614873875230e-01 8.619975879842618760e-02 1.098751156027130277e-01 6.785675780964592341e-02 7.588289978382239953e-02 1.543680514716787577e-01 9.537452444157031028e-02
1.107769895669718785e-01 6.975685993734066781e-02 1.415512051996878906e-01 1.587554803439664985e-01 8.450298507561707084e-02 8.092381251445257551e-02 7.632228727053200212e-02 5.753916938609795334e-02 1.285845544096291537e-01 9.128665629570430207e-02
7.206624350040252702e-02 7.529011099511155602e-02 1.036017406948879366e-01 1.060949896452448582e-01 1.510419288609337052e-01 1.331775632438700618e-01 6.220584142105831105e-02 6.366654356286234606e-02 1.202122932258460758e-01 1.126427448497826361e-01
6.572250445236160754e-02 9.086139742570323308e-02 9.719069470624983054e-02 1.093567966783192819e-01 8.390770300654173952e-02 1.223947761677487006e-01 1.090718621766850471e-01 8.287060941941387648e-02 9.822792087924163418e-02 1.403957350877350352e-01
1.049530559128335067e-01 1.017502495412316993e-01 9.393594000412973377e-02 9.242112060944972229e-02 1.025066076045598740e-01 1.046438333200458148e-01 9.327116019546005665e-02 9.240550272587426395e-02 9.995242454701329382e-02 1.141601055394020348e-01
9.036864501088655299e-02 1.006060793017198307e-01 1.103633768974946472e-01 8.474336318740510743e-02 1.199830757174893681e-01 1.023555048194885603e-01 8.970160532298533662e-02 1.067229955920947493e-01 8.875229935304415618e-02 1.064030547973916774e-01
1.725557130846449849e-01 9.194854498479174132e-02 9.486487410284634436e-02 1.010875301935116183e-01 9.131741355475271604e-02 1.004087710171832210e-01 7.859770213418246221e-02 6.290308696280495770e-02 1.048682069208638490e-01 1.014481570444180913e-01
1.025302070343597910e-01 9.856385711291082430e-02 1.194937500758312537e-01 1.313105501227016247e-01 9.760162952830210570e-02 8.318362546972266069e-02 5.673731147527642793e-02 1.081329034474100420e-01 8.509465218595479996e-02 1.173515135475304422e-01
1.174980141122655974e-01 9.344389302438638190e-02 1.228110201867041867e-01 1.738992872879522866e-01 4.820999115896848486e-02 1.172516214265576229e-01 8.805184371853670700e-02 6.926449590047233096e-02 7.995378938964087245e-02 8.961604379451554303e-02
1.017976787390672683e-01 1.262211854313470549e-01 1.273023207039997162e-01 9.123242923665184079e-02 9.473158119317541537e-02 1.452245375791746951e-01 7.939591281562353997e-02 9.165157851427968572e-02 8.348336940685105456e-02 5.895940637982975685e-02
8.216822134856247017e-02 1.489851970722396723e-01 6.170185271220028633e-02 8.318393481987411409e-02 1.254244099462312190e-01 1.114824713314563620e-01 8.021358437851264234e-02 7.591602920288524625e-02 1.285268042803089372e-01 1.023974949077290642e-01
9.339842565027554888e-02 7.937422868859743408e-02 1.020369771801502012e-01 1.056626567169870884e-01 1.123347617751324357e-01 1.170495613920213146e-01 6.440994373108169246e-02 6.438019548501075495e-02 1.457167193307403741e-01 1.156365300500031418e-01
7.183915761850351300e-02 9.232430443755221261e-02 1.153132388907666811e-01 7.812155064981680941e-02 1.122328904990700510e-01 1.495899582407502482e-01 1.011942703536582999e-01 7.682516201297713565e-02 1.036882706055654579e-01 9.887119669133959121e-02
