8.265122964054415211e-02 1.346424823939415261e-01 1.122021718520266470e-01 1.249898767799596799e-01 7.703601576586462107e-02 2.874036911321054336e-02 6.871870308746934330e-02 1.301229191517926376e-01 1.213856790425791587e-01 1.195105531726116804e-01
1.183148702962707188e-01 8.605838621260801513e-02 9.970226788050888522e-02 7.701318572565234166e-02 1.445153558133362715e-01 7.451027827008625815e-02 8.766293020315737983e-02 1.299108453595375356e-01 9.944717018082251114e-02 8.286471005802009682e-02
1.052941258455768747e-01 1.342592649734469235e-01 9.636990506223930275e-02 1.036869195528200005e-01 1.221673459916908094e-01 8.314958615675685505e-02 5.202812920084800424e-02 1.246662868008297648e-01 8.342266563313326111e-02 9.495577078265822479e-02
1.038060063073659028e-01 1.016483299378967003e-01 8.529981574590625448e-02 7.708405819085710486e-02 7.412056360659116661e-02 1.038540561991267569e-01 1.129305612644762313e-01 9.146404869523871994e-02 1.231572954980491297e-01 1.266352645544920608e-01
1.101311553196141352e-01 9.911033994907289535e-02 4.808517032012904480e-02 1.167476021851577145e-01 1.121523538719040175e-01 1.238460775169568234e-01 1.152918611320350450e-01 8.230448932574142840e-02 1.084296677688772192e-01 8.390128261051166270e-02
8.560033662572204272e-02 8.604113551037594065e-02 1.299967623591802846e-01 1.107620091703109544e-01 1.264175598523176736e-01 5.985702389165201837e-02 8.652686976829250531e-02 1.371290243592387381e-01 1.103204144288894156e-01 6.734886403402040589e-02
8.876545388175811901e-02 1.083104289117669539e-01 1.240250891075378586e-01 9.476545405137506983e-02 1.061439874485880647e-01 1.019016762350213462e-01 1.135181560524700650e-01 8.198515708346969244e-02 9.322604482966970196e-02 8.735855239834312835e-02
1.089277258397205600e-01 8.174357501879413179e-02 1.106461289002739351e-01 1.096316758751102183e-01 7.712131301938909833e-02 1.110398127878915869e-01 7.532656177504748474e-02 9.490487869842856306e-02 8.240275275831009105e-02 1.482555753270343446e-01
1.038047731762644782e-01 8.497025922547055132e-02 8.564544943369024887e-02 6.265502409406382978e-02 1.380476361994000811e-01 1.495983272003633957e-01 8.059025952814011240e-02 9.194612807327209869e-02 1.047918679919019880e-01 9.795027507743321593e-02
9.505746537516344963e-02 1.066598797903532542e-01 7.934547445285784761e-02 9.341564173637273427e-02 9.113007697565743415e-02 9.049779748025817139e-02 1.048983472317303323e-01 1.054296062505269138e-01 1.271963340757054362e-01 1.063693766313744266e-01
9.219643439841017363e-02 7.522978738489828621e-02 8.482390591806622526e-02 9.056309344636055692e-02 8.889817012283207642e-02 7.557129501584849973e-02 1.129068755422861781e-01 8.525883003435744123e-02 1.356588352034278910e-01 1.588927729335126715e-01
1.632081841369961706e-01 6.871546874361522672e-02 8.384894842080992117e-02 1.252240289776945792e-01 8.092589072074395096e-02 1.161359783306313287e-01 1.191049843820177201e-01 1.031204961368860362e-01 8.315568453992822073e-02 5.656033561067686649e-02
1.663156542020869932e-01 6.067024316822391961e-02 6.941334354106629134e-02 1.125216523887846293e-01 7.638440396415864531e-02 7.866392802073925161e-02 1.855672445902473433e-01 4.831294066793475478e-02 1.034730280459790902e-01 9.867756141077906051e-02
1.554042454049045785e-01 7.252836562428090217e-02 1.371090896301843665e-01 1.060089586106536530e-01 8.338342149163978367e-02 1.002448074503780873e-01 1.019524512881010148e-01 9.810668938158886854e-02 8.138886057704684818e-02 6.387311054122189746e-02
1.535746597781255107e-01 1.210565305451520926e-02 4.987266820205191187e-02 1.563287628597508638e-01 4.985198166565830286e-02 8.491565565394790238e-02 1.206892936524374960e-01 1.423007495480562989e-01 1.213026603842830425e-01 1.090579152011734720e-01
1.529672452215487255e-01 3.553047509068322368e-02 1.125607697191242790e-01 1.225033665236657382e-01 5.350274845059214274e-02 5.608385804078572928e-02 1.564095330189748390e-01 1.072340269658566686e-01 9.315847153897076349e-02 1.100495054297979114e-01
1.868171479025745874e-01 7.189973203592289752e-02 1.390494761654759437e-01 1.282450915357132848e-01 5.421309416471716686e-02 4.769530328368944139e-02 1.210101415506760481e-01 1.270515078109799023e-01 3.804538206940120265e-02 8.597312348084952538e-02
1.326208297300658367e-01 5.970562621137486675e-02 1.687638526800205319e-01 6.047076530437988512e-02 7.151814355464257422e-02 7.758601115534248527e-02 1.160690784968213263e-01 1.338313453166776468e-01 7.697320609855755336e-02 1.024611414521172936e-01
1.926806060445049040e-01 6.405752359490542169e-02 1.168619514231559187e-01 7.704105797522452226e-02 6.241481214682534362e-02 7.348056065321002805e-02 7.572703417572190787e-02 1.560093619688136535e-01 1.090185621756798867e-01 7.270852984195841362e-02
1.486545424047236996e-01 5.968374411129660079e-02 9.010048703350298505e-02 1.135542609799681663e-01 9.121776175242289619e-02 6.372189653687204691e-02 8.481609087157659932e-02 1.049445286657865878e-01 8.371350012744685487e-02 1.595931875164035563e-01
1.856027408977100612e-01 1.207975576638671417e-01 1.168060075270526965e-01 8.481274426685517231e-02 6.291188903435533664e-02 1.841819778662682205e-01 9.700196715298574357e-02 6.499126893316710396e-02 5.879048422857325457e-02 2.410336242916524818e-02
1.487094506659442650e-01 1.820415117079808298e-01 1.022850007466589994e-01 5.079855442406162186e-02 2.500342031921887198e-02 4.249801887909940984e-02 1.289442562798973346e-01 7.855505038026856790e-02 1.710153847263870541e-01 7.014935187048301768e-02
1.819246817443933573e-01 9.922178720737612201e-02 4.518366748756525580e-02 5.854612282980448806e-02 9.611469672734371250e-02 1.129197872065742653e-01 1.366184238013297414e-01 2.017803455927688894e-01 3.332189438265096421e-02 3.436859302019319717e-02
1.718816046113184892e-01 1.842437954229045050e-01 9.736727708210338172e-02 1.047206692212316048e-01 7.058204899309936109e-02 4.308525761099035040e-02 1.327796327234346541e-01 1.010872263130350168e-01 6.365025034687668559e-02 3.060223767500594785e-02
5.132716390404620799e-02 1.133956777236417024e-01 5.552000783843438758e-02 1.292822400053247334e-01 4.504901221788328025e-02 1.900541902247160631e-01 1.316726827670264277e-01 8.335523650801630879e-02 1.450643296733732102e-01 5.527945913753766483e-02
1.888355164906286576e-01 1.734823675037988344e-01 6.506477932080466375e-02 9.947960108003880975e-02 1.589945917840260847e-01 6.614977807348922101e-02 6.049142407835818996e-02 7.365117597840488417e-02 6.418794693093855808e-02 4.966281875951210345e-02
5.080967328476017342e-02 2.789911345055520187e-01 1.231768712771706548e-01 9.728094482941858356e-02 9.335449713435779728e-02 1.051489192975610804e-01 8.722190500650237044e-02 5.099059993905299959e-02 3.978279906694135587e-02 7.324265565868295913e-02
1.630718021758287006e-01 1.019612364222072937e-01 1.094126726896972046e-01 2.414685486993551136e-02 6.974102723698068218e-02 5.071428803515093398e-02 8.158702448180581157e-02 1.927220698278031275e-01 1.454155416119250754e-01 6.122748264866564871e-02
7.197852593002773691e-02 2.094594057874457627e-01 1.698369546210498626e-01 1.339964322281594344e-01 5.992062206056338741e-02 8.458042890779307599e-02 4.932950612360270659e-02 5.788429575295660906e-02 6.297641092441812194e-02 1.000374176639833024e-01
6.849350402385163961e-02 9.604472974780035865e-02 8.946862376896440316e-02 1.585894579977675523e-01 5.755172047320256806e-02 1.122103495938735485e-01 1.086470038758868412e-01 1.707065335074935408e-01 7.770465230407788693e-02 6.058342470708163313e-02
8.781493175998686396e-02 1.030354478925463446e-01 1.411077186857097876e-01 1.415188942967806618e-01 9.464095710244764537e-02 1.104754300978568610e-01 3.076499112147379131e-02 9.995348054311034569e-02 1.443113752596648647e-01 4.637677324042285831e-02
1.118749267273529968e-01 1.950214535172934971e-01 1.371172797755872974e-01 2.742448016204073191e-01 3.608476517558970031e-02 5.203531378778147171e-02 4.651259859491461285e-02 3.944286051378599611e-02 6.721817610405678156e-02 4.044782418323034784e-02
1.783727411737044966e-01 1.859786116397597333e-01 1.488165999017606600e-01 8.051347089864427375e-02 1.050038402342613059e-01 4.735345248483061736e-02 5.181782552290291333e-02 4.320399550468829314e-02 9.931592016176682414e-02 5.962354247768088950e-02
1.441575455445009146e-01 6.489513888168783884e-02 1.072169319293625883e-01 5.460336020481779129e-02 9.674378424540533428e-02 5.958691487118335239e-02 1.070153015521924517e-01 5.309968610366769953e-02 2.293376086218731069e-01 8.334372804530892909e-02
1.503035498714274110e-01 9.424508655018218328e-02 2.162137453002657694e-01 9.932904432670618122e-02 4.715322356121794123e-02 7.411311139633855460e-02 8.296208026796741963e-02 8.584358924541730940e-02 1.143739960889951363e-01 3.546257339148208010e-02
1.653815663656426349e-01 7.096741867717078212e-02 1.967943582706043470e-01 7.160264659368939522e-02 1.776701854628082167e-02 9.662660712428909615e-02 1.365052029039088566e-01 2.007434667354550395e-02 1.085867375576694549e-01 1.156940972871991213e-01
1.674519651759627248e-01 4.767066400491409145e-02 1.205183925651879817e-01 1.093089229764788173e-01 8.487186199834287348e-02 1.077198457532124037e-01 6.858199672083810372e-02 1.389807048226031350e-01 3.987495664088343966e-02 1.150206893415764431e-01
1.447641826091223827e-01 1.284030539090410261e-01 1.214695145703799106e-01 1.886029948649021459e-01 6.813881943325116042e-02 6.199269483452345825e-02 8.053266210864302999e-02 7.867374762539164346e-02 5.569268778287640720e-02 7.172964226186884229e-02
2.521522783311968552e-01 9.439360944429438238e-02 1.048501300624130744e-01 1.517013336474668517e-01 5.868330560863958129e-02 4.377992726152548503e-02 7.458508602869962090e-02 7.747315194277376582e-02 4.891720886142378322e-02 9.346396881156664171e-02
1.771045391726782936e-01 4.096850164192342852e-02 9.764657130910958660e-02 4.221365212233234993e-02 6.448937927983648677e-02 1.058053098953055798e-01 7.688494869651804620e-02 1.612406561466187827e-01 5.621466855510835747e-02 1.774317731805690745e-01
2.226113239970727020e-01 2.169121772319585195e-01 4.988451921644380949e-02 1.108343857988001169e-01 3.425806885463869578e-02 8.442049653807001675e-02 7.509056709839276311e-02 1.128501468306817579e-01 6.718399159430554768e-02 2.595432283963605702e-02
2.048070163493000695e-01 2.093572392155936546e-01 7.116885587286847503e-02 4.980700430664362216e-02 3.994647737571192098e-02 6.831804533039025074e-02 1.316945142102594890e-01 1.284479626236621208e-01 7.535525875477659674e-02 2.109762596079381089e-02
2.390420916028536125e-01 2.222655178610848936e-01 9.516145058820746350e-02 4.841083873683891398e-02 5.243818861161538697e-02 6.762199453325820619e-02 1.115126727848570476e-01 9.587708991457864760e-02 4.737325920801838119e-02 2.029689615868747465e-02
1.987629659619198907e-01 1.780203547338016778e-01 8.387502273832482536e-02 3.957676518332563925e-02 8.317257878466630117e-02 9.095417634176410082e-02 1.297281750363963315e-01 1.151846731092373427e-01 4.578455380796483259e-02 3.494073430259905799e-02
2.143838849710023864e-01 2.125955733066516862e-01 1.091875264785796135e-01 4.729145417960205905e-02 1.927608714947683100e-02 3.882995547799986125e-02 1.247312666684987914e-01 1.280094462825166202e-01 5.301396912469739237e-02 5.268083636097477263e-02
2.020802708557557226e-01 2.142488686934776732e-01 5.478106125835351115e-02 5.379955009509733432e-02 7.014469930012945387e-02 5.016176471938680465e-02 1.161715127798250424e-01 1.294192782543161224e-01 8.174538919064294751e-02 2.744760485301536365e-02
1.853228238911198145e-01 1.923653525051570445e-01 8.574049628075271212e-02 7.408372936447804591e-02 5.099089173640078410e-02 8.420230178607494842e-02 1.201150753617023087e-01 1.380818214839281410e-01 4.333111205575178315e-02 2.576639553463441062e-02
2.321751457111737027e-01 1.908287910373089313e-01 9.394389648502041168e-02 4.464468217231886554e-02 4.491420633713977956e-02 1.101606124339037512e-01 9.250776074039816776e-02 1.116861045765176613e-01 4.394593791914560427e-02 3.519286258707311071e-02
1.622353909758896262e-01 1.965741492391759881e-01 7.604355166335927119e-02 1.042016058593557282e-01 8.547065640888341920e-02 1.086638090765255499e-01 9.534276467525683307e-02 1.102216110413197919e-01 4.175528533870023068e-02 1.949117572153356154e-02
2.334422039800550241e-01 2.188873933711706909e-01 1.061692189822503463e-01 2.980077607490216191e-02 2.992172923377601004e-02 2.169617428495919376e-02 1.256945785816056538e-01 1.405172353214535486e-01 5.761629402538271522e-02 3.625439614444464498e-02
1.855562093085492137e-01 1.833093890842283080e-01 1.491077961969799470e-01 3.630656733676791703e-02 4.524796624353224356e-02 8.384613635941443044e-02 6.505348926297101209e-02 1.182722745407221859e-01 8.838811724623298061e-02 4.491205442060175468e-02
4.230574928062925261e-02 2.451406829291164213e-01 1.211711115348935025e-01 2.772249213771202717e-02 8.131891727479641230e-02 5.021526774984421543e-02 1.855409846825140929e-01 1.273273884422689850e-01 7.528634975955927899e-02 4.397105620866577358e-02
4.024660484172235680e-02 2.187832729027494594e-01 4.793227989218277335e-02 1.133937108572868890e-01 7.544329646244508913e-02 6.517725931827114683e-02 1.581884040958784488e-01 1.088440590365186977e-01 8.201486593566469085e-02 8.997624665728044813e-02
3.570800250196284886e-02 1.993432041478687688e-01 9.617942908929998092e-02 6.501380061749448269e-02 1.059305387575511376e-01 8.294872160467889333e-02 1.468065316344957794e-01 7.186250570628385792e-02 1.193695253985774668e-01 7.683774054178679758e-02
3.326467032953329961e-02 2.430238992970014944e-01 1.286103845560949699e-01 6.450381799844955022e-02 6.855873655530261845e-02 9.102013026911802418e-02 1.461268325558746917e-01 8.936527148635681206e-02 8.669704035182299040e-02 4.882921660044556994e-02
4.582194070436216432e-02 1.649378371740730376e-01 1.299325825253598299e-01 7.465020255644813640e-02 6.765591899946873933e-02 8.571198285043903076e-02 1.442278189727889126e-01 1.791272183883992342e-01 8.302069819410488882e-02 2.491379963455600532e-02
5.034149242501193000e-02 2.132779090046023340e-01 6.697341135327423978e-02 4.726799559573431619e-02 9.411975964351665391e-02 8.852435582184700613e-02 1.603808878234286306e-01 7.384754643286310649e-02 1.269856453461953028e-01 7.828099655352646624e-02
5.602334913969756608e-02 2.232017915625533200e-01 1.536465487218998949e-01 6.490169805237910872e-02 6.215239331768525333e-02 5.784032380801810980e-02 1.620155833990608307e-01 1.350359184975604698e-01 4.416427231496059674e-02 4.101812118618483605e-02
4.203164494886665881e-02 1.566103543731982572e-01 1.357329321876133976e-01 6.769651519855963973e-02 1.125183309883584781e-01 7.995533345295197103e-02 1.360992604876937184e-01 1.060296390654072857e-01 7.203510124384232549e-02 9.129088805350822622e-02
7.464916089266784849e-02 2.416875016233444862e-01 9.130198936247935215e-02 2.901739585965379051e-02 1.245490015939116901e-01 4.046859863030511512e-02 1.533446164017753799e-01 8.376772583495269153e-02 1.100938201704003694e-01 5.112018963050924542e-02
2.425306088538713989e-01 1.025672369194619987e-01 5.216045444867298958e-02 5.056867426469872223e-02 8.017791845565917785e-02 5.378589596895133607e-02 1.170833249878225762e-01 1.484710948793388219e-01 7.240125538224886914e-02 8.025353583927410939e-02
3.049657099911028957e-01 1.185864873867323172e-01 7.811125210287939158e-02 2.569190189698083299e-02 9.055905392953041144e-02 6.294298523934849232e-02 1.120929167938589516e-01 6.733633646403856809e-02 5.954734595516845974e-02 8.016601024035968637e-02
1.808573572501681048e-01 1.348556993114078950e-01 5.652519709669130005e-02 4.267178562599514141e-02 9.297557318918489577e-02 7.306542857498199428e-02 2.088597224032044952e-01 8.764404525329218265e-02 5.589127132966507927e-02 6.665391996540891151e-02
2.242630942013113804e-01 9.370556387856171510e-02 7.947192663243575483e-02 8.243952858111183724e-02 7.646410956500432343e-02 6.301067546693780996e-02 9.517116969780735347e-02 8.817115203648868971e-02 7.166273342053718076e-02 1.256400465198039551e-01
2.221695328255877955e-01 9.952837433080481688e-02 9.442849207748256479e-02 3.403039244369412269e-02 1.159333102211336369e-01 1.256958059198641509e-01 8.281219259311378700e-02 8.368319850613491206e-02 6.925900438157876760e-02 7.245969670060543877e-02
1.809008669212034681e-01 8.284475652262079937e-02 8.473789308223911299e-02 7.963249677656492054e-02 8.475518592212893942e-02 4.794682214898241673e-02 2.025714494000766530e-01 9.739867403355166597e-02 5.789221262107585586e-02 8.131964257155618880e-02
3.010581917122739926e-01 7.246566931173126225e-02 6.731132240811558975e-02 2.565029922034783166e-02 7.671207624831845318e-02 5.107184512984223879e-02 1.468137736108417191e-01 1.475011070747694331e-01 2.028293822537751909e-02 9.113277705838196407e-02
2.146495686716829998e-01 1.070014909647237500e-01 1.147515660253128761e-01 2.414078819441435597e-02 7.785819859746105631e-02 5.916785690130105940e-02 2.102649264187300415e-01 9.580776023542633690e-02 2.019536943894307060e-02 7.616247455200446381e-02
2.918516302195335865e-01 7.246371484905002325e-02 4.814071004375544693e-02 4.506789836796937232e-02 6.227870170803486566e-02 6.533665086583057002e-02 1.422130049692862386e-01 1.445530012532663666e-01 6.803294306893953314e-02 6.006174465433398307e-02
2.573962809127027240e-01 6.731572704245329664e-02 4.706051170261396632e-02 5.481283784510294216e-02 6.338530325304812807e-02 7.243128469841879358e-02 2.274732448848897637e-01 8.681416277064867015e-02 6.928053930697078422e-02 5.403010758315092421e-02
2.265046382213943554e-01 6.323463780923879729e-02 1.109781213706722974e-01 1.056777725202260598e-01 8.534998236831715934e-02 3.966434479422600856e-02 1.576393521376722728e-01 1.177277127947800317e-01 3.340791560098930330e-02 5.981552238248375591e-02
1.516024098976831158e-01 7.059775457144365496e-02 5.839873979330887505e-02 1.199739758783392035e-01 1.050878903424649485e-01 5.093195272264326723e-02 1.571965784596244253e-01 1.243711970577019016e-01 5.351720351285414734e-02 1.083222977639364537e-01
2.293597724349764333e-01 8.240585896848384717e-02 4.229292030545413195e-02 3.194155870408762338e-02 6.216216287302125248e-02 5.727191112944902962e-02 2.332307049670482024e-01 1.198219761121066124e-01 7.692660835791834129e-02 6.458652614745451215e-02
1.806151125616709541e-01 7.144090270657135755e-02 1.244730953208682822e-01 5.176149781890853480e-02 8.718188150418409998e-02 1.186182046212766877e-01 1.557903270212611657e-01 8.460593217322449899e-02 3.742260870737522394e-02 8.809043756465921582e-02
1.295949767031743527e-01 1.004509126502655114e-01 5.187651472214731274e-02 1.127517220402624171e-01 8.487389045599356974e-02 9.446485732623739751e-02 2.270640863395237685e-01 6.243654527439978369e-02 4.181939161472497668e-02 9.466710287327091689e-02
1.493301509677780470e-01 9.094831046647694484e-02 2.912062781606891346e-02 7.320028570701307691e-02 7.432201034426820507e-02 8.959097115721353921e-02 2.522090457423522558e-01 7.432427577069175562e-02 9.730993422657990832e-02 6.964438780155740583e-02
1.173976680946528794e-01 8.750542712881193008e-02 1.150827616738396703e-01 1.150939708707817144e-01 6.126138541397842252e-02 1.316004276279046092e-01 1.439452323894107322e-01 9.177687887914845466e-02 4.221854047083647976e-02 9.411770745063507970e-02
1.396942230099200433e-01 7.783499897125838174e-02 1.350491173954572466e-01 9.520375843908587821e-02 6.693000865588379089e-02 1.264194149657748567e-01 2.210757702308590034e-01 5.484326924969935846e-02 4.139835411166158802e-02 4.155108497039984583e-02
1.320978800626030347e-01 9.841317575745781032e-02 8.119523981562648540e-02 1.160516413243932871e-01 9.978940876231116863e-02 9.479443850392536841e-02 1.944985730474559082e-01 6.685985085852315379e-02 5.311182796442012743e-02 6.318796390328364210e-02
1.311982640467148353e-01 6.077212637691719460e-02 6.161622277028937916e-02 8.663423521559680818e-02 5.721919204487045663e-02 9.552650061161928330e-02 2.026727473124703138e-01 8.690041480581509048e-02 1.421829738600457194e-01 7.527732295566093301e-02
1.993273689893623746e-01 9.096608987813968594e-02 1.113330115215594301e-01 5.261512047188787039e-02 1.553048967672837621e-01 4.377046502072124562e-02 6.518891599081770571e-02 1.137186917748936599e-01 7.343073722860515851e-02 9.434470235672913485e-02
1.979442555875092213e-01 1.006525513944352551e-01 1.041296388233418635e-01 5.007541253845551599e-02 8.400922675037605925e-02 5.786409445148334163e-02 1.388263817460386185e-01 1.108881580645129511e-01 3.243396677616397494e-02 1.231763138676832126e-01
1.927255814069119833e-01 6.709047847670317199e-02 7.786681539458988055e-02 6.354601482980362648e-02 1.262234773563634394e-01 4.475403187426681140e-02 1.378405221330646635e-01 1.193172256547716942e-01 7.766231373192580834e-02 9.297353914159890709e-02
1.923641594054937287e-01 8.324687919208068054e-02 1.170690728333472486e-01 8.635670458261156257e-02 1.274597610873683395e-01 5.779026448099620905e-02 5.676443416029280237e-02 9.606682487190634778e-02 7.110569911073129357e-02 1.117762002751718081e-01
2.106199419169595133e-01 9.860774924382390005e-02 1.294582799933649830e-01 4.103195730542406883e-02 9.527308219425219271e-02 5.048600982582256147e-02 1.406088869668097319e-01 6.662276118956243776e-02 5.560679882320275491e-02 1.116845325407778561e-01
1.793439851104535465e-01 9.488440403804940249e-02 1.130990497029404490e-01 5.025805571267796118e-02 1.401357847708527005e-01 4.810658049909796036e-02 1.280724055849219445e-01 7.774340449263300590e-02 7.102616662924982061e-02 9.733016345912322287e-02
2.377853328346593298e-01 7.296515013213313028e-02 6.815392189495766972e-02 6.397106102634197988e-02 1.046623977258803739e-01 7.219791605598839535e-02 1.113561876817943941e-01 1.011057968602900037e-01 6.521220654152171115e-02 1.025900292464330399e-01
1.903137164864801001e-01 9.723296268216473359e-02 1.263738624231201535e-01 5.569035763969035213e-02 1.367788784586757844e-01 4.169845102842302531e-02 1.134869441662759854e-01 8.470714762564052203e-02 5.078402990008266255e-02 1.029336495894466880e-01
2.027998312564530392e-01 9.785512753076151815e-02 9.579492142701821755e-02 6.670016376530606139e-02 1.247277932000795259e-01 4.802680302960763564e-02 1.159459350970721142e-01 7.860856195920365441e-02 5.934154025607127347e-02 1.101993224784269809e-01
1.776096893402649146e-01 1.218620129201321706e-01 8.031255838160389349e-02 4.829207791301520780e-02 8.259705784862175770e-02 5.360970912358192092e-02 1.442160919842973565e-01 9.734503823875799433e-02 6.637057310581617742e-02 1.277851911439085997e-01
1.895318001900101190e-01 1.068542029950103195e-01 8.523803902719720438e-02 3.728197023446865738e-02 7.874503844437118205e-02 5.127412276455942802e-02 1.966522618881119400e-01 1.117301281334751178e-01 5.168993060136627821e-02 9.100250572142974670e-02
1.503399167594182684e-01 6.736902482554707472e-02 6.505153047579362302e-02 2.891879145351720568e-02 1.322362808515676891e-01 3.693427488245040746e-02 1.404168020042143028e-01 9.789675552638688050e-02 1.043506617743381187e-01 1.764859614467664262e-01
1.231548763257614282e-01 8.986035362213681821e-02 1.148628926934942285e-01 6.077991567453601418e-02 1.693737532272572288e-01 3.578348176967499628e-02 1.349059061495784528e-01 9.377725300936791408e-02 3.043986516499555539e-02 1.470617023631973497e-01
1.464589625141710372e-01 7.522660475829086313e-02 5.732642135019753310e-02 6.222358215059912989e-02 1.167720753083740237e-01 6.225945441606440395e-02 1.480134446928358938e-01 9.061648983440155625e-02 1.124822790439862774e-01 1.286206859310792816e-01
1.655759621651470004e-01 7.802745874081326583e-02 9.797437120763065332e-02 5.388418068821263646e-02 1.055250164828099024e-01 5.002558310137548286e-02 1.986803947848496399e-01 8.560603823092961806e-02 5.777135210348029876e-02 1.069296424947514951e-01
9.271685361443939011e-02 1.193643965286510789e-01 9.037436087775589655e-02 5.120418148452866164e-02 1.529560926924881936e-01 7.740540409526813770e-02 1.419446162754646190e-01 6.334545394922171113e-02 9.960854685617995252e-02 1.110800936260023658e-01
1.371711537967664762e-01 6.787910189818978368e-02 8.381649244223944584e-02 4.644611158894131064e-02 1.473948095603767605e-01 5.554052231718376031e-02 1.782476801546103162e-01 9.027900955517982606e-02 6.084093039083111887e-02 1.323841882956811877e-01
1.221997138151893342e-01 8.543295652956107988e-02 1.336866927765865409e-01 1.426768810269317955e-01 1.467643164747156614e-01 4.364028938672743357e-02 6.455484538505498748e-02 9.238889033648924054e-02 6.475226024909414013e-02 1.039031540196497655e-01
1.323435727414443430e-01 8.535512974974931999e-02 5.261507889206359229e-02 6.709536083254766248e-02 1.234693175460442327e-01 9.655029789966765308e-02 1.523219967009673825e-01 8.585643580013885279e-02 5.768757097642818882e-02 1.467052388609487723e-01
1.346272273495034699e-01 4.760372005006024976e-02 1.245860077795033077e-01 5.116858083492295539e-02 1.557144119971307084e-01 5.113658052152510874e-02 1.194655095870063993e-01 1.109429194318920786e-01 4.028623739341787025e-02 1.644688050550378589e-01
1.793626928075425508e-01 1.290148730956887924e-01 9.428624429786383598e-02 5.191734850733599471e-02 1.228268595558135723e-01 5.296491291569425247e-02 1.390799086074377133e-01 9.062785829551121830e-02 5.551348829999058765e-02 8.440581361712148900e-02
2.313204226699292765e-01 1.108197967605705075e-01 6.156098706274903271e-02 6.618531010115899504e-02 1.021823204840385524e-01 7.071964484497504644e-02 1.568798788333772010e-01 6.301926432296781067e-02 6.054180330054526049e-02 7.677057161968831034e-02
1.820941908573314449e-01 1.108197722950914205e-01 8.698746991037242804e-02 5.100498642160545409e-02 1.342364962283175422e-01 4.598449128137355180e-02 1.843939209292287384e-01 8.838025173194405393e-02 6.145200897871952450e-02 5.464641136601583460e-02
1.906022135933550798e-01 8.304832630238583036e-02 6.618989630410350433e-02 5.487797462998497688e-02 1.242067777980769977e-01 7.878382175320015890e-02 1.670431726608166967e-01 9.197928959626257284e-02 6.833588680119505321e-02 7.493264056061912926e-02
1.851213062427869982e-01 7.027169012913972446e-02 6.779448175838076462e-02 7.309020706215527130e-02 1.336419435512611054e-01 4.623177712363449321e-02 2.114816717682310443e-01 6.195218695700319828e-02 6.373076392967255699e-02 8.668397147773486411e-02
2.047497351481403494e-01 8.864735132832229914e-02 9.784943791248887357e-02 9.037192695544678245e-02 1.120100835513114790e-01 5.176743692531958485e-02 8.866961787190909272e-02 4.489567929035671173e-02 8.309973951957440319e-02 1.379389914971304310e-01
1.935999645433333083e-01 6.985302656130634724e-02 9.580216272331870675e-02 7.815293889833767327e-02 1.443453050875078136e-01 5.150894545890009890e-02 1.542381507890651926e-01 6.860276810005754011e-02 5.901097371072867165e-02 8.488576412744466837e-02
1.928463782006815397e-01 1.013216870147189419e-01 1.080181277727081807e-01 6.103178024316395500e-02 1.621534617206134565e-01 3.495800472519294821e-02 1.345719990411769484e-01 8.359001917846804741e-02 4.793678449774523009e-02 7.357175760553075206e-02
1.838511624483417373e-01 1.025803628959397196e-01 9.475542432775022061e-02 8.467444051200286037e-02 1.219118829565472295e-01 4.540218151359235593e-02 1.561957467440606151e-01 8.053028309760466852e-02 7.387242493090315221e-02 5.622609057325746867e-02
1.732392808642695126e-01 1.008091298124292740e-01 9.868028501023751176e-02 9.376728231899326971e-02 1.224836312595446730e-01 5.517031976787215714e-02 1.252123450193821930e-01 8.847314393689448275e-02 4.880753103800906240e-02 9.335705097236787764e-02
1.790627735947016019e-01 8.555421923733678990e-02 7.030583838616502601e-02 7.639935836727400342e-02 1.353982523051330544e-01 6.305218838199203035e-02 1.697977209278524191e-01 5.397669877048633102e-02 8.625944531952707550e-02 8.019350470953165444e-02
1.089833631097200939e-01 9.382347909516393358e-02 8.050089434962548474e-02 7.053813174335454850e-02 1.392695860363738769e-01 6.625066685500038965e-02 2.166015457264502952e-01 1.048412811423595492e-01 6.995380145159109386e-02 4.923725049036074136e-02
1.153290216825083037e-01 6.546464102477175806e-02 5.560756780736134108e-02 8.302148590797500671e-02 1.181439032540040207e-01 7.221642670678098119e-02 1.667296489285404193e-01 8.919213239059294029e-02 9.109851834824041206e-02 1.431966539492248447e-01
1.440969399029865816e-01 6.380373826263679993e-02 7.037963703101986213e-02 7.333291824189980268e-02 1.023036383790385112e-01 7.645321354048632834e-02 2.206955306575908715e-01 5.132616938799244855e-02 8.896858355733638923e-02 1.086396310390124464e-01
1.370697186904412945e-01 7.502402035907880518e-02 9.882343272335147866e-02 7.393344341264472541e-02 1.014886623476748406e-01 6.940293542638402424e-02 1.915138039609118881e-01 2.975660391731462309e-02 7.126434218817409572e-02 1.517230369740242280e-01
1.200258691283145468e-01 1.046450119865259959e-01 7.744388698529655612e-02 5.922485655635898599e-02 1.547995756221322294e-01 8.283952484102270752e-02 1.838617998289850952e-01 3.686470294148260635e-02 6.761160533214992385e-02 1.126831667777313667e-01
1.152030176957019036e-01 6.156608805049797184e-02 4.864136718496527706e-02 4.086048926202318077e-02 1.245744470770228651e-01 1.044414308315370216e-01 2.067950901498423755e-01 9.260714154647933793e-02 1.006701477496141084e-01 1.046407804523159513e-01
1.240571542453636766e-01 7.162563712474834254e-02 4.634954648750317513e-02 5.415914012045328768e-02 1.234979927133914579e-01 8.672308213063663340e-02 2.297347711340024523e-01 6.396170863854198918e-02 1.073460163860095323e-01 9.254495101934942514e-02
1.208672659970079777e-01 7.154039942792184137e-02 6.007149500488073030e-02 9.119703926498831659e-02 1.228162189325128217e-01 8.845616207871800918e-02 1.927030136267707250e-01 2.896728282282345218e-02 1.268535679359372170e-01 9.652755490843890895e-02
1.440381111597964225e-01 8.452496858405042501e-02 1.050014611061693554e-01 4.582247504182534320e-02 1.099006670436988437e-01 6.991154776056850151e-02 2.243591523373485441e-01 5.642953604280116775e-02 5.038318875562974863e-02 1.096288921681116274e-01
2.382761802433464859e-01 7.842757974627508066e-02 8.534703681420453825e-02 8.819040072178893630e-02 6.131154392471974135e-02 3.474225278380974058e-02 1.999422551063037845e-01 7.457960522592912977e-02 9.688889111228317363e-02 4.229425432133938206e-02
2.008444079224386281e-01 6.495818802275250825e-02 1.416146805033081379e-01 6.209476517983625321e-02 1.424226415342997598e-01 6.734608610188407007e-02 1.244702798793778237e-01 7.025915386134605478e-02 7.559996783305784895e-02 5.038982916169890830e-02
1.807274284653485052e-01 1.158936612330692395e-01 6.001837394755898253e-02 7.722628549788225494e-02 1.276428557166907896e-01 6.542701843542943207e-02 1.965259153770581857e-01 5.829062831323580940e-02 6.175159915669745092e-02 5.649623385702935013e-02
2.241038855478951208e-01 8.672557612689023310e-02 6.817677503603486455e-02 4.399796992485578012e-02 1.153350393349405062e-01 4.054906951973843293e-02 2.260212427069358543e-01 5.268670551247980199e-02 8.848841301481441546e-02 5.391532327541500441e-02
2.536842362311441668e-01 8.910709532826957546e-02 5.678010632233765342e-02 7.416614831961373944e-02 9.042424804289163343e-02 7.566581466115122889e-02 1.340120290840331185e-01 7.412535342586176745e-02 1.011846526817472558e-01 5.085031590294981918e-02
2.389243633592834370e-01 1.106513388110051260e-01 5.297388016524889193e-02 6.864561826811631240e-02 8.562920394537446023e-02 5.125907501802177968e-02 2.104148695574724059e-01 8.545358461141484840e-02 5.075062942238123265e-02 4.529743684168149181e-02
1.846736853232975040e-01 1.032249583002105842e-01 6.052771930716886045e-02 8.055454938812069143e-02 1.182492703298140130e-01 4.688700706278901842e-02 1.961027203907539929e-01 7.627622670265581106e-02 5.154356555150790137e-02 8.196029764368163717e-02
2.358463174035862475e-01 9.477552943174166744e-02 5.292367049856956662e-02 9.500898295669313320e-02 6.008128055386838251e-02 6.320270595502822109e-02 2.209306766598943816e-01 4.633449044057065536e-02 8.479021531800376432e-02 4.610613078204400805e-02
1.974123946311282518e-01 7.740962055436889644e-02 1.477218565598058808e-01 9.776388908133375188e-02 6.387686954123968086e-02 6.632334177259441299e-02 1.585999872324289628e-01 5.253439908271217984e-02 8.253708844009211010e-02 5.582055310429585859e-02
2.326764461140934936e-01 9.104977577389941623e-02 4.238905070061745051e-02 5.757103538033266771e-02 6.954951521840362083e-02 7.114348072797904710e-02 2.217363790583035121e-01 8.279528608233607812e-02 9.022190053378585650e-02 4.086713041024883641e-02
2.231587276541148190e-01 1.136254162308782678e-01 8.015088267290701451e-02 5.913086077403995749e-02 8.810465820414155325e-02 5.441238266807842117e-02 1.845762407172831521e-01 9.869407488513196047e-02 4.913293005762619375e-02 4.901382613579865349e-02
1.065331461634720644e-01 6.005505114611999623e-02 1.307225460852169396e-01 7.254719676103038584e-02 1.816437377788780450e-01 6.522714288954077622e-02 1.256612043747351859e-01 7.572138381995419110e-02 8.806305750222584439e-02 9.382553347882653660e-02
1.294588241162842046e-01 7.705055355645687443e-02 1.200240088933945681e-01 4.611757907896903846e-02 8.841526942790259302e-02 7.713854203323093628e-02 2.156289605720428382e-01 3.771964136435215775e-02 9.124392497833082316e-02 1.172026959790359590e-01
1.353035349831649137e-01 1.049096952783893505e-01 8.584469839597751173e-02 6.559863108562311029e-02 1.282893653109672405e-01 3.489171851668134566e-02 2.241912166203963719e-01 6.649684083227962172e-02 7.557118135461510233e-02 7.890311762190545253e-02
1.298248573055010568e-01 8.516346602145290212e-02 5.730775724216157635e-02 7.556117270269019359e-02 1.225096456125544520e-01 8.350242859599811551e-02 1.633483144956862088e-01 4.677569796107757666e-02 9.557197795602499768e-02 1.404346821068529205e-01
1.161212926532954881e-01 7.710780482931853252e-02 6.197027375135726740e-02 7.111497286755871783e-02 1.092760479541928231e-01 1.106582770009318512e-01 2.272015118401877753e-01 7.227887509520627973e-02 9.039939588055699582e-02 6.387154812739427590e-02
1.375399760723132747e-01 6.987820649885277680e-02 1.295753761381692459e-01 6.052982061424064947e-02 6.794869650410188811e-02 6.878116908147718922e-02 1.573210053814861065e-01 3.751925076430846773e-02 1.447284701541562135e-01 1.261780287908942089e-01
1.477969924187476358e-01 6.858592555028125703e-02 8.156164239593248488e-02 5.203000819564238683e-02 1.198064335073070336e-01 7.779522805300924382e-02 2.225387177241943404e-01 3.952925772875754556e-02 1.183876655883769197e-01 7.196812883775115244e-02
1.308160870834207401e-01 5.095945251926242009e-02 9.522985786815969800e-02 4.654680566453808788e-02 1.717139513148797647e-01 5.255466153089521919e-02 2.328291964609177644e-01 3.827787860348513815e-02 7.458792074971314079e-02 1.064841882047280336e-01
1.525543219743492052e-01 3.037602406909212238e-02 8.618653889920602218e-02 8.200730939845482514e-02 1.639416297005616974e-01 6.932043780951538392e-02 2.207976052854802584e-01 4.884138125033160582e-02 1.061185411624215730e-01 3.985621045058732048e-02
2.368137805351574476e-01 5.476798140618298338e-02 1.401566129059773902e-01 7.006271828388259404e-02 7.679483539436532391e-02 7.618714267765153147e-02 1.492094245967124089e-01 3.123335358893387578e-02 9.964481812729997223e-02 6.512933248383648288e-02
1.851976089959024852e-01 5.659165961301858977e-02 1.050103533001022632e-01 5.240209917632209641e-02 6.525488180248310843e-02 9.405192568615419746e-02 1.877616083283374093e-01 1.239402925642720810e-01 7.998633685250802761e-02 4.980323368089974168e-02
2.370366616784070624e-01 9.523892824823126935e-02 7.581108680256568033e-02 2.602782727323354681e-02 8.068758352087568309e-02 1.403371103766156980e-01 1.103384481685821955e-01 5.728750859106308130e-02 1.114748744441791395e-01 6.575997089624661951e-02
2.025065862380468484e-01 5.121614814812228828e-02 1.411136177322291907e-01 5.825943611041382170e-02 5.245031101584445021e-02 1.098861552235389089e-01 2.178697277175360991e-01 5.551575952679329434e-02 7.065939826966391446e-02 4.052286001781117003e-02
2.351558819086945196e-01 1.313818667136310014e-01 8.355977962874601428e-02 4.901890008030986012e-02 4.572396582526876835e-02 1.207138848151139976e-01 1.469213030696088496e-01 5.715598736557499226e-02 5.748737516447041673e-02 7.288105542858155927e-02
2.764791367050746240e-01 7.266863615138403898e-02 6.478344142575359621e-02 5.705804610432731183e-02 9.664288829996851848e-02 5.981240433347454616e-02 1.559932567229553868e-01 8.127119480113363659e-02 8.775578637582256980e-02 4.753520908010578500e-02
2.017582330893298026e-01 9.315945293966226837e-02 1.074034333834125304e-01 3.333076679953436011e-02 7.938711361371025843e-02 1.070847383333113079e-01 1.340151275249712171e-01 9.262408721720195859e-02 7.766376360591197014e-02 7.357328349295433334e-02
2.737691055849003630e-01 6.860067048904341935e-02 1.010729178250951849e-01 5.725823564009179661e-02 9.218578256584340769e-02 1.055018860519689322e-01 9.801456229852370527e-02 4.828056765056012306e-02 1.116832524393163023e-01 4.363301945465679343e-02
2.437873071688812232e-01 5.631243527739917404e-02 1.188701923848333314e-01 8.031019083720181140e-02 4.708654560414296530e-02 8.205157992420292201e-02 1.494017444094654923e-01 6.379014672640156980e-02 9.874391459998911602e-02 5.964594306748238067e-02
1.666448674476430636e-01 1.879057761868864473e-01 7.376964915908465481e-02 3.157308273979526209e-02 7.340002333139078461e-02 9.891519417616326248e-02 1.412862138680741897e-01 9.693067919122574927e-02 9.054892423979987726e-02 3.902558965993670886e-02
2.323262075384898984e-01 1.504245446084418181e-01 1.154911735256428928e-01 5.481851701708443519e-02 6.020771851262324975e-02 8.382164223695509619e-02 1.107135939496906585e-01 6.048654351577856941e-02 8.932441144739459993e-02 4.238564764789877481e-02
1.275764315264361348e-01 5.829390708928517545e-02 1.815017173937340245e-01 5.253739586448682997e-02 7.255170875100884487e-02 1.004796947708887778e-01 1.272413463533463851e-01 5.204909488984482691e-02 1.110602107128013660e-01 1.167084926481676416e-01
1.666543637183858229e-01 2.820460206789063284e-02 1.462985853539792713e-01 1.003185877515843788e-01 3.874053776698798551e-02 1.105521336119254794e-01 1.510750032043184921e-01 3.791702089312891377e-02 1.107872329693990465e-01 1.094519326623999561e-01
1.530273124622169856e-01 8.418835803798078998e-02 8.251632155606936081e-02 9.111800978393651274e-02 6.661215298162381782e-02 8.044200235843262936e-02 1.986555143436483650e-01 8.066086947476751312e-02 1.076683161856451520e-01 5.511114281567888740e-02
1.342387235359938091e-01 6.781701985535648625e-02 7.193589869191745201e-02 8.408721838467891896e-02 1.140180818822819353e-01 1.026280586503936221e-01 1.388582429868022439e-01 6.044657774178699428e-02 1.190215400842769139e-01 1.069486381865116381e-01
1.430596206691424344e-01 5.270538581887439927e-02 8.752425489936881131e-02 5.394648521415074810e-02 1.012580977796746773e-01 1.060652062307858579e-01 2.067371512787139209e-01 7.597080933371935796e-02 9.558650161404302903e-02 7.714648716152676389e-02
1.249717057740147158e-01 8.467573807837885935e-02 1.549767886923204829e-01 7.071876544240554563e-02 1.275274362989940458e-01 8.078501869066981311e-02 1.409938137454272988e-01 7.078895228265079387e-02 7.335469063849216209e-02 7.120709035664626874e-02
1.730208883737709702e-01 7.778251052207328653e-02 7.490497549465528759e-02 7.756335016688060968e-02 3.533121857717388958e-02 9.458430108187584895e-02 2.175386866618519432e-01 4.496291674270423699e-02 1.365163482457219246e-01 6.779480413329198873e-02
1.338942237128120105e-01 4.283556261223114836e-02 5.722927721095933534e-02 4.399010493331859117e-02 1.488569478948529590e-01 9.820477020258462642e-02 1.789910023913263704e-01 6.793533710981380924e-02 1.386354534038649056e-01 8.942732052823625100e-02
1.579989463727948795e-01 8.857286124721307219e-02 6.020877684288707121e-02 2.580002422721846406e-02 6.752118159542400133e-02 1.527105752511505599e-01 1.904017034549411735e-01 4.171231798005416158e-02 1.120328357605059055e-01 1.030407772678107181e-01
