1.586243333114937537e-01 6.184441082543643692e-02 7.797770221881795971e-02 1.563703060978654247e-01 1.569603096208730120e-01 8.422401100483233038e-02 1.105981340412431208e-01 6.121742013646747083e-02 4.878900885736373733e-02 8.339436388560672597e-02
1.662328401106094866e-01 1.696079357554860501e-01 6.603185744923815992e-02 9.919964184426062481e-02 7.795864506708007069e-02 9.550272699230032136e-02 1.214274805435796578e-01 9.603741859198658415e-02 8.045762833284113291e-02 2.754382531261790126e-02
1.471626580696136777e-01 1.075776064359729861e-01 1.071594594344852519e-01 7.737076366375666980e-02 1.090523211368426143e-01 5.395696204855938982e-02 1.220579979243818919e-01 1.334476356137412056e-01 6.042643111263715228e-02 8.178816456000914670e-02
1.537974443741357278e-01 4.284631881868093684e-02 1.018261680272638942e-01 8.115352982304867291e-02 1.474241842508502431e-01 9.062828778521676842e-02 1.498467588565056685e-01 5.038870553860630430e-02 1.065215171025621216e-01 7.556708542312967625e-02
1.319093988788430372e-01 9.649510721357351661e-02 9.879108893652444046e-02 9.570705490492198431e-02 1.145452061291106771e-01 7.881229313182717966e-02 1.149977989086274910e-01 8.452674114738388533e-02 1.202708431532927280e-01 6.394446759589506035e-02
1.375911822156487829e-01 5.124479561103467695e-02 1.306060033713846991e-01 9.656598655631727646e-02 1.607746992151177778e-01 1.076228136016497416e-01 1.393820605184225014e-01 4.830203484319450097e-02 9.069103815988026340e-02 3.721938590734978625e-02
1.086718521763363199e-01 8.194353894053384157e-02 7.613034420962327964e-02 1.021329976771647302e-01 8.491082755123684211e-02 1.340556313990098891e-01 1.162243341340956221e-01 7.298531519483307528e-02 1.326319232535209114e-01 9.031323546364551647e-02
9.564133114681706849e-02 8.298876053705217526e-02 1.453547749127334920e-01 6.292007883911375499e-02 1.336410255217980458e-01 8.736394684769331620e-02 1.319422311698374151e-01 1.187923765020196670e-01 8.627410755724422564e-02 5.508136696569083945e-02
1.366771238706960268e-01 6.286396571270447264e-02 1.515967022791028518e-01 7.253498057682408739e-02 1.357103901388227174e-01 7.131959146399644012e-02 1.281678981115150495e-01 6.588794082418053533e-02 7.682523102368019052e-02 9.841617599847762854e-02
1.236310549328570735e-01 1.128680229898310627e-01 1.006542670877158263e-01 4.726272378189025347e-02 1.480902169013415537e-01 8.517158507392802447e-02 1.252535665466417147e-01 8.898610375783824744e-02 7.246248231287338859e-02 9.561997661508284119e-02
1.129213820382748840e-01 9.173922323201647022e-02 1.205103867102044063e-01 3.887545733632023770e-02 1.365775608182365486e-01 1.027639385467674915e-01 1.268463339256673816e-01 1.153337202986544491e-01 4.874748237141342255e-02 1.056845147224446946e-01
1.771775378945504298e-01 4.446477797103887131e-02 1.150830247863372513e-01 7.044167402176146342e-02 8.553024316830049045e-02 1.379805173976431654e-01 1.285164970583971278e-01 5.916536471547740456e-02 9.166534526549670325e-02 8.997501772099707196e-02
1.733811853413955439e-01 5.260166759021123878e-02 8.120736101294330489e-02 1.347968873467402517e-01 1.130696430790821827e-01 5.936153522906009727e-02 1.188316820766743137e-01 6.570592435099734119e-02 8.149463664683355424e-02 1.195494773260621646e-01
1.934651955602011697e-01 4.067303097496496878e-02 1.386238632621661637e-01 8.611205408107468207e-02 7.148192011407675239e-02 8.795651880186006188e-02 1.154326940252281830e-01 8.434025601334525779e-02 5.609244524264841991e-02 1.258220219244343407e-01
1.689304108640712621e-01 5.494127023667657456e-02 1.287465409514457482e-01 5.863005985171500928e-02 4.609106213588490264e-02 1.773693363399829748e-01 1.334440534182767257e-01 1.037486577937170307e-01 6.839594031980697486e-02 5.970266808842280420e-02
1.963092453256882475e-01 5.887997674857719382e-02 1.416772327416802868e-01 6.685098640521980329e-02 2.384733548872922104e-02 1.205351597063124003e-01 1.403673331905043731e-01 1.323376561903757964e-01 7.715618976359241155e-02 4.203888443932028013e-02
1.935356308109046908e-01 1.142595811477943174e-01 1.262653513543776085e-01 4.677190083330683840e-02 1.023333645363261324e-01 9.832553223068131454e-02 1.239752304914273628e-01 6.971163959214937700e-02 7.181501476308267684e-02 5.300675423994966745e-02
1.868715184083751535e-01 8.024926037288897251e-02 9.114331343256554252e-02 6.741338991305657891e-02 1.353264318785764309e-01 1.101954120289017763e-01 1.246468337194030496e-01 9.120062992741469199e-02 3.683403055466649006e-02 7.611917976415130682e-02
1.873097669383051445e-01 3.653438229663215353e-02 1.607303844903018031e-01 3.967895201661537224e-02 9.236355228722871458e-02 1.171734035063295709e-01 1.127419814555945393e-01 7.155303799799080100e-02 6.533922638725786491e-02 1.165753126237440568e-01
1.503129823850830882e-01 8.526883140478221101e-02 1.081117562538688737e-01 1.190712654822030231e-01 9.732765594343524562e-02 8.847231245837211544e-02 1.266880127763519159e-01 9.466944432324113368e-02 7.963063904036840612e-02 5.044709993229400113e-02
2.159072513506759827e-01 1.710670192374201815e-01 7.010505432192543074e-02 4.457812394892203545e-02 9.008213219131550042e-02 3.986866744508717891e-02 1.566633856018502524e-01 1.166508216487053412e-01 7.132848016417317472e-02 2.374906408992492543e-02
1.279709549501042432e-01 1.430924151792859755e-01 1.514631438993886969e-01 9.964471204433870966e-02 6.655788797269618362e-02 4.981784008290875143e-02 2.008786722970429817e-01 7.278757938519340998e-02 3.951554770547192896e-02 4.827124648356907743e-02
1.735635115712004517e-01 9.395799407066816877e-02 4.968043521916643002e-02 1.074948461063549993e-01 6.642660237005784674e-02 7.286767248969935884e-02 9.062927835798960385e-02 3.916543819291136430e-02 9.643092132079189582e-02 2.097833003011598807e-01
1.602457939130484121e-01 7.798348118880601976e-02 9.924430721657255539e-02 3.877824401479306599e-02 9.332057538981558542e-02 4.260282936879430937e-02 1.182184146575041284e-01 1.182787689625115352e-01 1.083348684111536675e-01 1.429927168770007417e-01
1.303463154296290449e-01 1.505545934576041356e-01 7.790986709590343173e-02 5.392663252771381921e-02 1.201328405838329588e-01 1.299390650299637739e-01 1.646258747042953219e-01 4.988806015970202040e-02 5.923617638263063007e-02 6.344057462872487729e-02
2.959754854760759946e-01 6.415657640901765990e-02 1.178258149503886576e-01 1.048891085421494729e-01 1.125844360695909124e-01 7.130731648566344949e-02 6.872589377390533882e-02 3.475167101383668661e-02 6.466837109798097283e-02 6.511532618139086181e-02
6.349636631346619597e-02 1.292617729653819103e-01 8.548623013287122430e-02 3.720765062024011804e-02 6.814080495448048003e-02 2.247403628207330639e-01 9.037234589762345449e-02 9.097467768129872956e-02 1.183108272283662360e-01 9.200896138553858739e-02
6.534990663442770409e-02 1.495956550033275267e-01 9.816457502196909712e-02 4.331593882201897894e-02 1.191171036578743542e-01 1.274410884875147310e-01 1.304792824603064616e-01 3.810922688623524096e-02 1.043578742432885731e-01 1.240693487830373670e-01
7.206806454239628179e-02 9.331355240708368026e-02 6.335674073904541681e-02 6.281045726457396006e-02 9.453551747562230489e-02 1.560091956355569298e-01 1.640092255974659463e-01 4.258684786240628933e-02 6.598517586570966376e-02 1.853252226101395339e-01
2.430532247611208452e-01 1.068716576761936238e-01 4.445567252983843171e-02 1.403073114460932080e-01 6.702280155567517939e-02 7.147425809154832332e-02 4.158630904040122589e-02 6.391569655082247892e-02 1.371296392120489871e-01 8.418342913625768975e-02
6.294837905784989029e-02 3.885719170500961939e-02 1.263936694409991124e-01 8.236459522238358255e-02 1.447645571830521172e-01 1.366112517186751640e-01 1.578732892950898692e-01 7.787530182766087827e-02 1.476899003130756893e-01 2.462186423620406350e-02
1.671791849178882738e-01 5.734027869157533319e-02 5.836920004803707734e-02 1.387714664510812101e-01 6.805164941403048229e-02 8.068774273743066494e-02 8.003863356659104977e-02 5.767591329126498662e-02 9.437144795672555708e-02 1.975144829253753787e-01
1.060747344965139449e-01 2.417034596023532877e-01 7.573288429318300596e-02 8.091627498558218168e-02 1.027117609992609648e-01 4.567460874346412902e-02 6.657214359667343317e-02 3.252925131036821238e-02 1.581223011222379071e-01 8.996258085036293317e-02
1.827516164646280084e-01 2.268618582549148666e-01 8.444983024242477820e-02 6.923442549389846601e-02 5.204225190023043651e-02 1.292826779466183240e-01 4.913843648958181320e-02 6.379632744039491488e-02 2.078889478621998368e-02 1.216536809810883912e-01
1.307945395329733751e-01 6.874260742384402656e-02 9.550891840406308675e-02 1.497052931768148853e-01 1.237848828681966940e-01 1.613782052435698833e-01 1.070959323747802672e-01 4.429175854555948699e-02 2.046504318816719584e-02 9.823281924203106086e-02
1.199425565525187032e-01 8.200785988417100270e-02 1.147308870589687502e-01 4.300714851896902252e-02 2.701151007506175095e-02 7.434460512452890912e-02 5.945276825644424390e-02 1.628752448257727858e-01 9.552223691852385068e-02 2.211051827850409879e-01
2.350851617697463924e-01 5.138187999517690452e-02 5.023991970645447225e-02 6.604686007049452579e-02 1.126329675575978989e-01 1.089980244017238614e-01 6.531181393476531705e-02 8.483701797977029335e-02 7.336943066872925190e-02 1.520969239155410824e-01
8.418346465900579390e-02 4.329606325027326313e-02 7.256939236959698836e-02 8.002038067689799805e-02 1.140594346400960191e-01 6.960225965212135657e-02 7.206601278537022592e-02 1.413465595768268190e-01 6.054837450283007821e-02 2.623080578869814161e-01
1.426682610233101500e-01 1.194240543271671146e-01 1.429038397619719902e-01 9.806580262698294526e-02 3.111380192973804693e-02 1.340824456820041422e-01 5.807260502825666026e-02 1.816419824367185021e-01 4.288417107264433370e-02 4.914303611120611481e-02
1.013045830926303376e-01 6.997504830274314802e-02 4.359098971394796684e-02 1.522937013547509266e-01 7.280762524853690021e-02 1.147881367752615900e-01 8.439649822859401906e-02 5.363785502827951579e-02 1.089618659166026321e-01 1.982436963386529361e-01
8.860546767363515486e-02 1.907686607559857528e-01 7.358418264093159744e-02 5.753722920747902231e-02 1.246993378362872690e-01 1.784056754397066874e-02 7.060030815996155840e-02 1.336173658590844027e-01 5.350785136055379032e-02 1.892390289621107835e-01
1.039844238159749745e-01 2.705380884534789310e-01 5.289517743461465832e-02 7.402156425770173298e-02 9.958671241311707611e-02 1.153318983483243715e-01 3.612130269268171850e-02 7.733563112423574859e-02 8.680616934196301593e-02 8.337903211790775870e-02
9.665092186682905373e-02 2.159911874483019523e-01 1.178435379194541360e-01 7.539522267004780676e-02 4.029349542666127437e-02 4.297965423416095360e-02 1.139639561419197866e-01 8.500984581072368318e-02 1.046876387829470539e-01 1.071845396989542926e-01
1.002341930147084698e-01 8.744474254295156457e-02 1.463018922735180305e-01 5.680680707381400435e-02 7.237272865307878278e-02 2.592104749916120804e-02 1.228460529170949944e-01 2.175949580428100383e-01 3.848972366110755411e-02 1.319878543217553601e-01
1.401475762448784190e-01 1.802389272722807745e-01 4.552680873966564318e-02 1.263184966663745135e-01 5.105034408855980282e-02 1.099448518263147351e-01 5.824847167100275641e-02 1.243104996234307286e-01 8.777559510793520037e-02 7.643842875955746130e-02
9.273069849697000711e-02 1.072707920277509164e-01 1.778735038580473160e-01 9.077011346728316998e-02 4.357029733149452022e-02 1.503009443080976781e-01 7.139021395327053987e-02 5.121286888901212253e-02 1.153936355799098923e-01 9.948693208816382361e-02
6.473766695456333042e-02 1.268209581579944345e-01 5.775261026064256592e-02 1.341584026468619073e-01 7.718754526991326859e-02 8.018785046344305278e-02 6.260412746345324353e-02 1.611885647555231782e-01 1.729350240627585966e-01 6.242724996484642908e-02
1.092893756645004349e-01 1.632072641500423860e-01 1.004622569980986174e-01 1.018939626147256916e-01 7.070562305064233277e-02 1.356912212330781686e-01 4.957863822884117644e-02 1.120741865658445163e-01 5.548450021691701123e-02 1.016129712773096577e-01
1.624056182956091776e-01 1.568661441482187280e-01 4.195813688183282208e-02 1.812268587881987747e-01 7.187076810206154132e-02 3.349877354819489478e-02 6.438347763892592057e-02 8.478460320936094530e-02 8.701437703032827153e-02 1.159912423572689172e-01
9.716169696470933204e-02 1.244246296196314661e-01 1.614639668343598733e-01 6.325441754627640634e-02 7.012118967581039419e-02 6.747165398212869036e-02 1.449191722992115572e-01 8.182637273111222076e-02 9.726186936926746462e-02 9.209503097749259515e-02
7.597597282904856864e-02 1.243325843269835057e-01 1.315403549906113134e-01 4.469133598019237041e-02 2.218640629172117240e-01 4.313556803071645629e-02 1.065185435420984705e-01 1.199399792373544577e-01 5.886595895478895224e-02 7.313563919099420885e-02
1.453060684854152740e-01 1.589374785628319686e-01 9.933499412627087854e-02 3.925736671656138849e-02 4.224949099925876667e-02 1.412045738872328704e-01 1.169081131940545443e-01 8.434274129619673266e-02 4.514543220506238991e-02 1.273137405271151656e-01
1.945989194698386215e-01 2.218817761531179655e-01 5.955121398105141239e-02 4.024709663043343766e-02 6.705391705208460507e-02 4.430218642531940504e-02 8.212988988159997117e-02 1.900389823877385032e-01 4.473732823063506642e-02 5.545868978818101896e-02
1.965345491056595395e-01 1.809661635072241925e-01 7.782633931553561979e-02 2.649377540352669189e-02 5.577029953396773349e-02 1.649925220856131025e-01 3.357188282461474188e-02 7.148409656097569342e-02 6.773820867628213560e-02 1.246221629866005598e-01
1.857538378026254711e-01 1.831053683350406802e-01 4.212047882354094663e-02 5.582338274780575954e-02 5.882797606127461443e-02 8.476681578654084170e-02 4.460056785912968474e-02 1.889207293334810023e-01 6.039480757996410626e-02 9.568603567059690007e-02
1.808033140495980962e-01 1.103670731977137026e-01 6.300014193635479487e-02 3.116938834316216461e-02 4.986058266253553389e-02 5.343000131949889042e-02 9.584390460406702617e-02 1.384389297261781893e-01 1.680411472092160907e-01 1.090455169516755113e-01
1.429819832348694919e-01 1.379641740395163851e-01 3.087934537513057839e-02 7.156805704998986384e-02 7.536852586494166562e-02 1.778803899328051663e-01 3.225563446862117489e-02 1.895139904920411789e-01 4.579388867133522140e-02 9.579401087074924936e-02
1.259495383353559372e-01 1.523748951530226325e-01 1.059234865691085908e-01 1.416369103111397021e-01 6.993677170723383574e-02 6.016232712074515848e-02 8.741615352723734744e-02 9.362913607526797410e-02 2.217431684918938842e-02 1.407964643516994574e-01
1.877174751152657917e-01 1.933170441956830188e-01 8.179991147469990731e-02 3.952209109227820816e-02 5.507690446215373486e-02 2.879552041026210013e-02 5.875622691269319353e-02 1.270215697391936238e-01 6.560815510778580939e-02 1.623851014899846124e-01
1.731481865131938302e-01 1.818780281562351331e-01 6.728164632479838314e-02 5.355285522571945345e-02 7.507792732255026691e-02 4.405050046313830486e-02 5.345549679950500899e-02 9.944077280665890306e-02 9.649907731497409102e-02 1.556155090732266322e-01
1.284167591703802569e-01 1.646959817902343415e-01 1.205881859850830295e-01 1.043357282481605364e-01 1.170947836962039496e-01 2.808501158443602388e-02 1.121983480719523779e-01 8.518784169196540190e-02 4.530549747350729600e-02 9.409186228807681074e-02
1.222762904477492779e-01 1.544027078632286554e-01 1.037178836494413725e-01 8.594976509768724460e-02 1.034748367171755834e-01 4.593825680457852556e-02 5.735648472608948639e-02 1.420801448316570126e-01 5.461956977699816695e-02 1.301840600853947094e-01
1.363845047943935129e-01 1.409789730136017105e-01 9.727707639322441535e-02 6.460861737131451399e-02 1.362776116625764589e-01 5.078852901907351253e-02 5.666616928024356681e-02 1.438051142462291043e-01 7.257474792986365331e-02 1.006386562894795583e-01
1.344467115685399616e-01 1.647101976566752168e-01 1.025458938287178712e-01 7.104207604126344666e-02 1.090571732794295007e-01 3.870304837950660354e-02 7.682281910142087222e-02 1.322673492293842124e-01 6.308457548463104747e-02 1.073201554304312744e-01
1.363676033664438791e-01 1.344330759195874747e-01 9.453973984037383760e-02 6.658672808436141843e-02 1.563382155205310098e-01 3.560382405798141747e-02 1.018214878041926313e-01 1.472823211349257311e-01 5.299688280004838381e-02 7.403012147155421663e-02
1.412105134315435606e-01 1.370634208782872954e-01 8.594954160658373199e-02 8.260474679120166641e-02 1.252555235236829378e-01 3.426329213490841852e-02 7.626775772491796446e-02 1.282680802720738977e-01 5.057733210464137458e-02 1.385397915321591733e-01
1.334422910934132678e-01 1.407673669255166959e-01 8.614602999589968113e-02 9.946652867867732117e-02 1.255424498039993675e-01 3.846678276998213852e-02 6.399490312908454048e-02 1.223464449569623413e-01 7.195138999908994026e-02 1.178758126473747198e-01
1.315723691597854572e-01 1.385388555339897576e-01 8.644959131097550153e-02 9.458849340790950744e-02 1.336343579212203037e-01 4.634348974373577595e-02 8.474442352874815565e-02 1.145199016714417428e-01 5.844085965898817431e-02 1.111676580632056516e-01
1.286615929421634497e-01 1.442349426751461938e-01 8.317594478865851515e-02 7.400947945385030757e-02 1.227026146917075539e-01 2.542968828808536697e-02 9.346475264977270603e-02 1.348516263080003774e-01 6.987052204420839130e-02 1.235988361584071243e-01
1.389062156915156498e-01 1.479528518102882495e-01 8.120127249974710970e-02 8.404215033224017584e-02 1.244129789985757018e-01 3.845834715423838285e-02 6.576506926799786934e-02 1.232178633805532664e-01 9.604344612117543534e-02 9.999980474366815253e-02
1.381705697686902157e-01 1.371808726809621570e-01 1.121108160462243875e-01 7.962109862058448784e-02 9.083466244062551875e-02 2.636499006762395639e-02 9.067562927441809306e-02 1.345973980855168783e-01 7.234832052793850610e-02 1.180956424874158167e-01
5.384295656760649390e-02 1.477549876459106071e-01 9.564497077028338845e-02 6.873926686706412215e-02 1.155550192397443582e-01 5.430184873765660919e-02 1.004402755830865052e-01 1.445546340354781356e-01 7.341807805604501358e-02 1.457479624971247667e-01
4.089312068231914371e-02 1.378421091710556601e-01 7.610405948140366861e-02 9.859083791845751898e-02 1.023176233123611750e-01 3.536067837367175282e-02 1.073348795402096767e-01 1.773151290386248691e-01 8.597656096785565027e-02 1.382650015140408917e-01
4.389275650584543997e-02 1.394103006375328746e-01 9.839711779192610031e-02 1.034199125599016972e-01 1.389709261553962460e-01 5.166403552279571348e-02 1.014536801362862922e-01 1.051124199396358816e-01 1.119258571202710190e-01 1.057529936304087426e-01
3.766798729452797145e-02 1.537737427017298597e-01 1.335574270281212339e-01 1.153882254805643215e-01 1.346374690715308742e-01 4.028571038294426199e-02 7.334446784162339250e-02 1.061915195983292870e-01 8.455423936102826610e-02 1.205992112396005456e-01
5.808964590134205880e-02 1.436433010998305615e-01 1.192709840899167650e-01 1.132430783592917184e-01 1.312566749885375472e-01 4.437817536796552498e-02 8.797208735015245307e-02 1.277016825994883309e-01 6.718215052569817547e-02 1.072622197177768993e-01
4.730273994914404451e-02 1.299410925952677875e-01 1.111486384981121706e-01 8.903893716712166229e-02 1.279515034218595693e-01 5.259473913796184480e-02 9.526411346567896510e-02 1.299614396696499030e-01 1.034885159184696091e-01 1.133082801767344439e-01
4.779407629501156857e-02 1.514336006362796971e-01 7.736803912585808740e-02 9.409714557021663095e-02 1.216030723472274477e-01 4.015504310154906914e-02 9.378217221748345878e-02 1.185570305514967865e-01 1.017898784413887592e-01 1.534199417134884946e-01
6.976599295355757901e-02 1.379604683313292446e-01 8.795013789159852879e-02 1.175104250055269417e-01 1.159065777302971112e-01 6.315989901317151101e-02 1.000251300534932830e-01 1.280812669806886961e-01 6.062815057381185785e-02 1.190119514665252259e-01
3.699800303816689478e-02 1.631979794373301651e-01 8.571114716066885464e-02 7.020709614209057203e-02 1.407433524774774347e-01 7.994441144309509528e-02 7.981780890029967213e-02 1.066374957731519996e-01 1.199808869306911580e-01 1.167618186970281746e-01
1.551733054820717828e-01 4.670749256308097397e-02 1.117717550134584292e-01 6.421578317798350144e-02 9.434736794606522758e-02 7.385500854374683899e-02 1.140665828625824774e-01 1.030434374945170400e-01 1.003740137147947492e-01 1.364452532016989794e-01
7.344985086603043889e-02 3.450071532281811376e-02 9.849642893484407413e-02 1.494434571403850665e-01 8.821378727870902992e-02 6.136958447284589918e-02 1.568772700051604130e-01 1.075840803697787340e-01 8.707285646389022193e-02 1.429919691455380226e-01
1.276612881762363982e-01 5.115198856094383545e-02 8.680978707225976698e-02 7.893019192569566966e-02 1.326369873683221068e-01 6.759377707561074755e-02 1.250138351924662827e-01 1.007955962368847491e-01 9.918843877906799444e-02 1.302181096125124560e-01
1.200935360373157484e-01 4.244155855566998647e-02 9.368249867906235095e-02 9.094026257941728586e-02 8.380063526838811561e-02 6.025484588023915372e-02 1.302921298819718077e-01 1.155726508447155743e-01 1.078005855533396978e-01 1.551212967198802584e-01
1.506628268250579661e-01 6.050247806315321025e-02 6.207581465504623253e-02 1.232415714665453105e-01 1.338649844207358275e-01 4.789579695945814924e-02 1.061673757220777670e-01 8.434644529317476824e-02 8.599981815640377059e-02 1.452428884383469843e-01
1.231682177637884457e-01 4.020743909849696512e-02 9.656045340826804879e-02 1.035495775466419438e-01 1.294193542959372611e-01 4.004921635738492580e-02 1.056593287687122018e-01 1.619859638154426407e-01 9.473912120025372585e-02 1.046613277450738622e-01
1.148506716942032657e-01 4.802908988435761195e-02 8.238452679153641933e-02 1.231535352289059027e-01 9.502074013145715703e-02 2.820802015349605299e-02 1.588560586079732773e-01 1.261466491936909518e-01 7.741796786484528292e-02 1.459327404495340541e-01
1.197876216657340342e-01 5.641882712469085265e-02 1.002042026054343338e-01 1.180940304106804090e-01 1.315037433398854039e-01 7.549075549797334972e-02 1.072166569521685042e-01 9.417003959566692950e-02 6.193141166347658488e-02 1.351827111442895912e-01
1.412343001677723031e-01 6.213161228809616077e-02 6.707356809623654659e-02 6.927542562792762815e-02 1.310894522021910091e-01 5.062349200217901302e-02 1.746080425655855972e-01 1.249314457596111400e-01 7.192291690275941229e-02 1.071097443876411898e-01
1.120434299883293489e-01 3.164952169081408639e-02 9.308057352615121960e-02 1.148400552535946972e-01 9.393703258518378008e-02 3.941450213907773947e-02 1.067282562334174734e-01 1.569086988879824229e-01 9.939358810635427754e-02 1.520043415890949268e-01
1.296770492733513580e-01 4.373027202765564919e-02 1.087291622922962886e-01 1.097096166649508958e-01 8.225307185518453135e-02 4.937792895074143845e-02 1.256611396510343981e-01 1.286312614455688563e-01 9.385977644428984690e-02 1.283707213949267512e-01
1.070565998844682232e-01 3.170601019339145538e-02 1.004417378103747704e-01 1.034174597700512621e-01 1.128206054324470131e-01 6.553488701745477374e-02 1.282482744330682434e-01 1.103819083441980320e-01 1.244969981648815088e-01 1.158955189496647109e-01
1.144320890939198865e-01 3.078421827654996210e-02 8.965289314926688791e-02 1.104130740152818729e-01 1.318982040371183828e-01 1.160548082024297073e-01 9.336120677126930056e-02 1.261028973059134806e-01 6.547520982841545378e-02 1.218253993198350760e-01
1.237693995018198101e-01 4.197865568885619791e-02 8.847278429983888859e-02 1.266624424456306020e-01 9.543089090093359594e-02 5.566861093736707317e-02 1.321424621518592357e-01 1.022844504771801832e-01 9.220386468623748000e-02 1.413864389102769403e-01
9.867576004861028371e-02 3.804724837318222697e-02 1.114374629907217418e-01 1.134239615801569401e-01 8.278952514197959744e-02 7.812271973428062954e-02 1.098031120476862660e-01 1.479361350006831721e-01 9.332305863030090909e-02 1.264410164523982194e-01
1.030710953582839595e-01 4.586718309291296092e-02 1.003015831128981350e-01 1.047793469373625858e-01 9.970364553330390844e-02 7.225185748651920259e-02 1.259983559670181108e-01 1.205471271963976937e-01 1.050443113563149788e-01 1.224354939589884506e-01
1.142503357580307577e-01 4.123115452133911674e-02 1.090164468434734607e-01 9.514482181503812475e-02 1.366787296552004483e-01 6.517993744324490635e-02 1.269939524453306268e-01 1.335789767303151021e-01 4.699992229038493091e-02 1.309257224976425604e-01
1.120063102394453086e-01 3.029935294138130786e-02 8.196005150420980490e-02 1.095258792504179429e-01 1.010978222121725056e-01 6.207508034636371325e-02 1.391821510571365494e-01 1.309627408477002375e-01 1.239879159906113471e-01 1.089026956105613037e-01
1.032725006530239298e-01 3.760915244613292907e-02 1.257730583127928958e-01 1.185452703055605017e-01 8.685030714278632602e-02 8.282960470968717126e-02 1.327448010610157991e-01 9.627901990905823881e-02 1.006798555564871883e-01 1.154164299034550062e-01
1.121885836283252336e-01 3.910345632105814012e-02 8.026929131171382792e-02 1.183008179290301609e-01 6.263560880417513854e-02 5.348329563924589941e-02 1.416851203404468351e-01 1.145982877534762190e-01 1.375557042843936761e-01 1.401798339881348554e-01
1.925002994646667076e-01 1.201382523705082639e-01 5.761493425166615973e-02 1.028970783134267736e-01 9.330440520328628362e-02 8.705691104136739633e-02 7.832019462950604027e-02 1.101015797025722553e-01 7.971607844648324892e-02 7.835026657651687765e-02
1.227502648980052374e-01 2.645427325865336299e-02 9.684004895069761587e-02 1.551426933668160757e-01 1.003658408921818679e-01 5.662889356609336622e-02 1.098051040129477685e-01 1.600392395169487336e-01 7.092684711265509478e-02 1.010467944250008770e-01
1.521990826237868966e-01 6.782984352478051149e-02 9.391236757754167774e-02 9.463119281646993619e-02 7.081206714093950250e-02 7.092520541739208428e-02 1.075037679155104176e-01 1.356953487215150356e-01 1.214910263450313666e-01 8.500009791703257156e-02
1.582599032349988055e-01 9.524107102738686714e-02 5.128056637600519885e-02 8.754084535269603118e-02 7.250060605811435577e-02 6.281610359532557863e-02 1.042293459730549432e-01 2.122656580430325457e-01 8.375216708142149691e-02 7.211373325796420486e-02
1.788307741495936964e-01 1.186857676432853392e-01 8.088945967252970937e-02 6.365874341585070484e-02 9.498319080570705175e-02 7.307419376655162335e-02 6.557674685288328309e-02 1.427466534254937247e-01 1.101013981950833692e-01 7.145307207302151187e-02
2.106848916822705309e-01 8.376686980436007235e-02 6.926942838631991450e-02 9.131866877856065212e-02 9.551282948310339804e-02 6.623476757296525852e-02 1.057249833523988408e-01 8.737103026688791685e-02 1.182836122534951379e-01 7.183291841963830582e-02
1.407020532915962685e-01 4.632700447838902086e-02 1.000512487645049964e-01 8.515665553650796082e-02 1.049152536127908181e-01 6.688036748246101171e-02 5.912254030106905284e-02 1.700253746409473854e-01 7.982952734299735009e-02 1.469899745487361076e-01
1.639605081982785373e-01 4.532626979931874550e-02 6.092690561061746279e-02 1.210810169306413830e-01 1.327080105668575483e-01 4.600016137314326403e-02 8.789948750701571945e-02 7.464298937588055571e-02 1.011468077490096235e-01 1.663078428892371674e-01
1.729583450394247268e-01 5.099066059131503875e-02 6.289491689209353309e-02 1.384068073461068027e-01 9.446678342816874907e-02 9.080444265072031007e-02 1.203154169898006526e-01 7.743507171310461124e-02 8.018591070386907327e-02 1.115416446453965094e-01
1.871815439736164988e-01 4.284895898032417549e-02 6.901536702989859162e-02 8.185158140270974714e-02 1.052933099466421552e-01 5.971960092647905782e-02 9.688011569996501926e-02 1.469811928789399591e-01 1.151231648173980104e-01 9.510516434402678521e-02
1.751488575533372283e-01 1.851993283297962145e-01 6.770235191463158664e-02 6.334076987663626868e-02 7.957356466162232578e-02 8.260262082438875331e-02 7.488379962517888178e-02 8.982346546663401432e-02 1.167340713370363936e-01 6.499117041073834700e-02
1.158532632047386685e-01 5.588041334485339268e-02 6.694213759161435351e-02 1.064905526227397509e-01 1.032378380188165162e-01 8.848001808969313542e-02 7.912675328708701494e-02 1.584836602300063180e-01 8.132717442249673412e-02 1.441781891879541089e-01
1.087426658900365467e-01 2.543953986089012020e-02 1.256373196455329022e-01 1.396321923846196023e-01 7.080554045145230624e-02 6.373583969281580719e-02 1.045030594571034754e-01 1.330677378360580199e-01 1.023446480783520296e-01 1.260914567031391764e-01
1.208796642573465030e-01 5.283053528661731113e-02 6.295337402690849571e-02 9.586006829804781526e-02 1.561584245456311137e-01 1.078951226690246096e-01 1.169387770228993706e-01 8.583477544900451617e-02 1.037981316993252662e-01 9.685112674519498477e-02
1.091439380367732886e-01 5.509131656765644397e-02 9.076866194298459367e-02 1.395323338672510016e-01 9.150594080509580341e-02 6.221208243950576700e-02 7.342278206269207963e-02 8.204343672292270517e-02 1.015048000004591666e-01 1.947747075546591433e-01
1.036356095230568514e-01 2.922420716159459739e-02 8.487963230389555802e-02 1.454534780241301672e-01 8.699015024016365505e-02 8.193777984386857449e-02 9.692903553832842023e-02 1.198663637381562203e-01 1.040308434902513096e-01 1.470529001365546429e-01
1.236828446652669805e-01 3.524853420081484889e-02 8.944164114854358250e-02 1.269056417497115008e-01 7.966797892654388369e-02 1.213507772810764468e-01 6.633030232881004240e-02 1.568658313325535236e-01 9.937986149751439069e-02 1.011265868691648001e-01
1.306352910620215690e-01 3.384342592918458681e-02 6.459297628680685244e-02 9.880308221111319678e-02 8.173628180914659092e-02 6.729050692462537619e-02 8.204010876155512499e-02 1.610595804335771819e-01 1.289563192418125004e-01 1.510424273401570205e-01
1.511832050840859198e-01 3.339302391434819522e-02 4.584754106560083586e-02 1.363118476320077099e-01 9.426314434772936623e-02 9.188879490633218572e-02 1.157784064858341511e-01 1.438337381743792498e-01 7.381485455625387548e-02 1.136854438334285455e-01
1.168857252540222158e-01 2.961928634778984715e-02 8.328870876953942126e-02 1.254974429883219667e-01 8.967879496085373603e-02 1.177657979548714651e-01 9.855099803659062019e-02 1.317291893522633539e-01 9.677070058401796016e-02 1.102133557517293999e-01
2.041521044268014839e-01 3.393784267579572078e-02 8.189931548947680662e-02 1.039936934846374811e-01 1.191069778873393298e-01 8.133184646218252767e-02 1.028983796377851562e-01 7.655107157513109384e-02 1.298936633647421734e-01 6.623510499610825442e-02
2.650689356620343218e-01 9.244181883973051628e-02 9.658814965676272568e-02 3.083237007561853704e-02 6.091569594588312764e-02 1.108226501712709644e-01 5.715853435693910717e-02 9.972798949455799478e-02 1.046819332397289914e-01 8.176192255747369297e-02
2.666300295394488651e-01 7.184241296064013127e-02 6.894796050961456146e-02 5.780119581872334572e-02 1.209506424085847465e-01 7.891576558723135959e-02 4.385291471332032620e-02 7.787733292351026182e-02 1.254854924255926207e-01 8.769625311333377471e-02
2.120764349780921432e-01 4.667200473261361171e-02 7.819271663301922970e-02 9.371015789385583883e-02 8.124594344839793092e-02 4.027409589980487231e-02 5.103280027931893920e-02 1.461663502395546266e-01 9.694219024529794615e-02 1.536873056500448753e-01
1.976918776957274637e-01 5.197852210901154901e-02 5.251550266625591712e-02 4.537448072490699730e-02 1.076926911899476480e-01 9.326789261641109385e-02 1.256058348936081315e-01 1.100536804801734714e-01 1.578427629980864721e-01 5.797675462587124906e-02
1.772792982334647771e-01 7.270408682345279316e-02 6.378036441255978406e-02 1.705512256177124930e-01 6.613410203376889063e-02 8.732067282535263542e-02 4.881139073975117315e-02 5.854295759580523811e-02 9.205245164119911505e-02 1.628234500769330795e-01
1.021380035541080422e-01 4.048139441639155706e-02 6.770708485372016472e-02 9.766991181010922785e-02 9.846972502838256813e-02 1.092067468838786026e-01 1.073978641148898017e-01 1.132413232284482651e-01 1.051736409512041143e-01 1.585143051588676633e-01
2.400546593570769549e-01 3.866283931355533887e-02 8.137725758512111274e-02 7.511031450613070426e-02 9.295329981920356921e-02 5.663816167661529094e-02 9.135908347659003892e-02 1.359660887231932402e-01 1.327200953973504682e-01 5.515820014516328168e-02
2.099317953934933534e-01 3.490832215225139062e-02 6.786647366106628165e-02 4.675129635805274492e-02 7.567168957844934429e-02 1.158412920564469151e-01 9.752330388710650499e-02 1.124199595180007116e-01 1.238219168279983962e-01 1.152639505671343850e-01
1.360277961053519280e-01 4.362165764380875055e-02 7.390611697662562152e-02 1.564653825456798208e-01 9.058161949731266538e-02 2.896715980364805709e-02 1.057513401319588459e-01 7.351261855652381494e-02 1.273379056053512981e-01 1.638284031337391977e-01
1.901651641992636588e-01 5.216999629266494409e-02 5.928321130891589519e-02 8.751012899248004906e-02 1.193761724047263523e-01 8.643475446353043878e-02 8.123573992902545504e-02 1.200509518992109309e-01 1.269195985462324150e-01 7.685428196394987477e-02
1.365832485587119283e-01 2.966077351836573714e-02 1.209623563836334237e-01 1.051083114737275254e-01 1.092056136338146605e-01 5.784815912506051372e-02 7.386989843706477654e-02 1.683001755189671156e-01 1.008225724634916609e-01 9.763889088716265485e-02
1.213999066737439791e-01 3.857205435631560347e-02 8.476025049748475704e-02 1.094017481127447095e-01 6.346954117284356323e-02 7.629242715599796054e-02 1.012659074324025049e-01 1.121042211651375187e-01 1.452150452596098484e-01 1.475188981737195482e-01
1.280844346569547931e-01 3.592835220442713168e-02 1.227439340378004423e-01 1.069558543825292612e-01 7.456365035610200420e-02 1.288257360643327576e-01 7.428176592228785680e-02 9.794916202998636690e-02 1.116845671747247609e-01 1.189825431708546183e-01
1.279083163019077429e-01 4.092358119495519836e-02 7.624593829773888831e-02 1.389035427006808376e-01 1.299380057710575187e-01 1.102820326055499039e-01 6.916774708444581310e-02 6.609156194653220684e-02 9.728929541108223555e-02 1.432499786860496616e-01
1.572665574793213061e-01 4.991108519271023752e-02 5.540950738904932421e-02 1.467145456040004903e-01 9.603302248484855974e-02 1.011029867577797059e-01 8.030743873335342842e-02 9.202818060742952444e-02 1.185978121081365244e-01 1.026288636433708851e-01
1.595470748866040511e-01 5.535649657437895221e-02 7.518486091250420333e-02 1.191933654507317530e-01 8.236445978010786817e-02 9.021133897867568419e-02 6.892994249623203562e-02 1.049242757753877792e-01 1.240317596009212486e-01 1.202564255444564245e-01
1.384962466157410588e-01 2.944464366963309848e-02 8.055533784851240386e-02 1.608162237635782366e-01 1.542519082279700526e-01 7.060799681424059782e-02 5.503688978774133600e-02 8.511475656339828610e-02 1.322492288539347249e-01 9.342676785525023953e-02
1.040827542993532501e-01 3.802422325052618596e-02 1.449623017748634668e-01 1.000657457192755811e-01 7.864211577400830044e-02 1.102393309439892305e-01 5.193597867837995014e-02 1.429349680451902638e-01 1.305528685055901694e-01 9.855971300882361563e-02
1.577447256049465674e-01 6.541341061232006093e-02 8.340035385993295469e-02 6.117649235143186870e-02 7.264564070489684666e-02 9.041021183816412565e-02 8.149092003726518540e-02 1.009588540297588072e-01 1.461366800500305818e-01 1.406227109112530016e-01
2.099091207750728438e-01 5.076106675239862309e-02 1.090819953871865478e-01 8.168471808928083611e-02 9.857606236835081415e-02 1.061802871243879010e-01 1.028601931881614751e-01 7.703981239526488944e-02 9.145180806099711956e-02 7.245493585889896393e-02
2.048876043609582642e-01 4.093297888839548399e-02 8.378877073043658474e-02 1.137554902142721008e-01 1.629498930562449932e-01 9.208064138023140666e-02 7.186237499299513720e-02 4.377833339609162738e-02 1.121638944189922577e-01 7.380001856138213023e-02
2.548134421362088786e-01 6.996021308448155396e-02 9.730440973404101690e-02 1.046711601479248938e-01 9.952591547106029446e-02 6.830850669627273886e-02 8.189164497713387336e-02 5.313603177280926126e-02 1.199462989734200596e-01 5.044237700664746388e-02
2.059916555090531287e-01 4.616778827501652471e-02 9.751389462877328718e-02 5.506452884410618920e-02 4.135039529363281063e-02 9.906441424588281752e-02 9.753831700682455419e-02 1.398769769202920787e-01 1.356163125938808500e-01 8.181571668253775909e-02
1.921060593194136856e-01 8.286060637455162914e-02 7.919060662678653606e-02 6.120904251188377665e-02 7.051588531493646617e-02 1.049195013650838226e-01 4.563832889391027103e-02 1.012767973609794980e-01 1.409799784917125931e-01 1.213031937407417216e-01
1.805906762836088641e-01 7.746939793482687797e-02 5.153914486852248511e-02 9.192835418872445652e-02 9.198748975520240623e-02 1.089051449093621782e-01 1.109135708292746103e-01 9.966908649422041855e-02 9.627589450966060614e-02 9.072124022659709686e-02
2.040315048992525637e-01 9.086189535331413991e-02 6.211922319575506612e-02 5.803042645089195872e-02 6.379893391334659491e-02 1.057130320488888775e-01 7.562166054414290461e-02 7.801687711106619627e-02 1.644714358393706000e-01 9.733501064397109825e-02
2.004996690742871235e-01 9.211265401230318839e-02 5.804096945440542082e-02 4.190865861435408291e-02 1.075863250446648656e-01 9.028243646360198382e-02 9.396716432324578316e-02 1.054145957082713303e-01 9.535150089344293645e-02 1.148360264114232782e-01
1.969281916509712793e-01 4.106490081516434715e-02 5.996018205634625481e-02 8.796972703475867961e-02 6.844383715983572147e-02 1.246351077708064553e-01 1.237912147021672515e-01 5.959325598439235011e-02 6.768761190364500080e-02 1.699259709219126668e-01
2.134901098409071885e-01 3.410453412178707233e-02 7.951592662449141757e-02 1.282647647376079225e-01 1.012541603765113457e-01 8.595545907556594034e-02 4.711419546212427395e-02 1.220592824242513336e-01 8.728210980528455787e-02 1.009594575314689685e-01
2.183587538316070220e-01 5.841489688441533351e-02 1.203368726325134141e-01 8.960628681418980612e-02 5.868178758537918177e-02 1.059274213996990871e-01 8.201160266477375282e-02 1.114369096616096150e-01 6.331830493317643083e-02 9.190716359263635671e-02
1.041130249240485861e-01 4.797374086646537250e-02 8.357452326033265599e-02 1.422857468824622329e-01 5.653971731216572705e-02 1.272035834313820224e-01 5.544166859646501577e-02 1.017604248619974477e-01 1.000685878737905127e-01 1.810389819908904130e-01
1.199664795151205027e-01 5.992247787549742633e-02 1.007672992747200291e-01 1.040961541243613231e-01 5.664830997033822035e-02 1.519462508991119010e-01 6.209093400530230761e-02 1.271583795062699029e-01 1.223027337067318920e-01 9.510098112254648794e-02
1.296080692248300359e-01 4.482757911628550140e-02 1.201851491081373513e-01 1.192926741239973137e-01 1.098025615695264745e-01 1.075235825738234258e-01 7.533938041825039011e-02 1.062399474854393427e-01 7.295253998718356780e-02 1.142285163925265967e-01
1.441747651586403056e-01 4.716292185937268761e-02 7.066585280381228185e-02 8.549770455512112344e-02 1.093636697558773296e-01 1.171825154946477821e-01 7.823092521912276831e-02 1.185455907949325982e-01 1.387604135611033018e-01 9.041564079736984227e-02
1.458034287989633249e-01 5.311138775245229093e-02 8.347927785322628580e-02 1.620182372851481922e-01 8.900793230942813383e-02 1.208644669485209600e-01 7.047250171951735531e-02 9.400371278369099026e-02 1.127550396964251134e-01 6.848401485262736732e-02
1.045026766392139067e-01 2.955153490302322300e-02 1.150374703164089574e-01 6.528484755752310409e-02 8.260856338145643185e-02 1.133539347138780018e-01 9.076037920416571425e-02 1.289448868317735475e-01 1.178146419769815628e-01 1.521410644755755159e-01
1.302906961294502675e-01 4.768866329099830104e-02 7.272924997111129830e-02 1.195273317913093658e-01 1.028711703806337863e-01 1.362845729769608938e-01 4.377199407445148821e-02 1.198543272043483265e-01 8.900014557593143028e-02 1.379818486048048354e-01
1.399692557977864071e-01 3.835409028046052327e-02 1.151675979830965590e-01 1.479077616956339658e-01 4.480501610137576501e-02 7.456924520035998483e-02 8.170555010946610464e-02 1.653538794694093261e-01 8.858825809044017230e-02 1.035793452719711988e-01
1.583500919125792883e-01 4.919955503667860358e-02 1.027925248302712091e-01 7.484137907426537117e-02 1.179338015076418777e-01 1.225140176291394933e-01 8.562803234805185792e-02 1.110623520606157377e-01 6.654307595368523509e-02 1.111351696470713468e-01
